1804
1916
2194
2196
2324
2336
2374
2399
2416
2462
2493
2589
8138
8205
8655
9126
9391
9498
9511
9531
9595
9705
9726
9814
9966
10191
10198
10206
10264
10298
10375
10379
10398
10596
10650
10709
11140
11223
11232
11304
11331
11331
11364
11392
11435
11453
11552
11586
11601
11721
11748
11750
11843
11875
11904
12164
12167
12319
12408
12410
12646
12701
12742
12808
12813
12840
12848
12849
12878
12900
12921
12999
13042
13056
13115
13126
13214
13223
13251
13281
13321
13348
13359
13374
13409
13419
13436
13436
13489
13502
13557
13571
13678
13696
13708
13750
13753
13755
13779
13780
13784
13788
13798
13805
13809
13810
13816
13826
13832
13870
13885
13888
13923
13966
14000
14009
14042
14048
14081
14107
14123
14169
14182
14200
14219
14234
14255
14290
14317
14337
14339
14361
14370
14386
14390
14395
14468
14498
14507
14514
14523
14555
14559
14560
14569
14577
14590
14591
14593
14595
14604
14611
14612
14612
14626
14630
14653
14660
14677
14720
14735
14794
14819
14839
14851
14906
14913
14921
14921
14935
14951
14966
14995
15011
15024
15056
15087
15096
15102
15111
15136
15167
15170
15180
15217
15238
15251
15273
15278
15304
15323
15326
15339
15413
15415
15439
15454
15456
15469
15478
15535
15569
15589
15657
15670
15679
15687
15698
15700
15703
15707
15709
15714
15716
15718
15725
15737
15751
15754
15783
15812
15818
15829
15831
15834
15838
15839
15841
15847
15854
15893
15901
15909
15920
15977
16004
16034
16048
16069
16096
16096
16100
16121
16126
16147
16154
16165
16178
16181
16185
16189
16200
16222
16223
16231
16243
16259
16269
16281
16289
16299
16307
16322
16327
16329
16342
16362
16363
16365
16387
16400
16403
16412
16423
16425
16433
16436
16437
16439
16439
16442
16447
16454
16460
16465
16471
16475
16476
16480
16481
16485
16488
16489
16495
16509
16520
16522
16523
16525
16525
16525
16530
16531
16531
16536
16543
16544
16547
16552
16553
16556
16557
16558
16558
16559
16559
16563
16564
16564
16565
16565
16566
16570
16570
16571
16573
16573
16574
16575
16577
16577
16579
16580
16580
16580
16580
16581
16584
16585
16585
16585
16585
16586
16587
16587
16588
16589
16590
16591
16591
16593
16593
16598
16599
16600
16600
16601
16601
16603
16603
16603
16603
16604
16604
16605
16605
16606
16607
16607
16612
16612
16613
16613
16614
16615
16615
16615
16615
16616
16617
16618
16618
16618
16619
16620
16621
16624
16625
16628
16628
16631
16632
16633
16634
16637
16640
16640
16640
16641
16641
16642
16642
16642
16642
16642
16644
16647
16649
16652
16655
16655
16657
16658
16658
16660
16661
16662
16662
16664
16667
16668
16669
16681
16682
16683
16687
16689
16690
16699
16701
16702
16703
16703
16703
16705
16711
16715
16715
16744
16750
16767
16772
16779
16781
16781
16797
16802
16802
16803
16818
16820
16828
16838
16840
16844
16848
16849
16859
16860
16861
16880
16883
16887
16888
16890
16891
16895
16901
16908
16922
16944
16975
16978
17017
17017
17024
17027
17041
17048
17070
17076
17078
17098
17098
17102
17131
17139
17147
17151
17153
17159
17161
17204
17222
17225
17266
17303
17335
17335
17336
17343
17360
17381
17388
17399
17416
17447
17453
17460
17502
17505
17533
17535
17554
17576
17595
17602
17636
17646
17660
17669
17690
17749
17751
17776
17778
17779
17846
17916
17924
17973
17991
18004
18013
18039
18129
18136
18146
18158
18158
18161
18174
18184
18191
18268
18291
18316
18354
18408
18421
18453
18462
18473
18582
18596
18600
18667
18679
18722
18739
18762
18795
18805
18809
18828
18895
18896
18896
18946
18968
18990
19021
19034
19049
19067
19075
19080
19108
19108
19121
19133
19146
19157
19200
19223
19264
19271
19275
19285
19290
19318
19321
19373
19409
19415
19418
19420
19421
19422
19437
19471
19473
19476
19481
19492
19505
19534
19576
19611
19629
19637
19690
19705
19766
19785
19789
19806
19814
19822
19846
19847
19860
19863
19893
19895
19927
19929
19938
19940
19962
19980
19986
19987
20007
20038
20062
20070
20088
20089
20103
20104
20115
20125
20143
20159
20161
20170
20173
20175
20199
20236
20255
20261
20277
20283
20284
20345
20363
20368
20381
20399
20420
20433
20436
20462
20463
20489
20586
20594
20610
20638
20663
20696
20735
20768
20781
20866
20873
20874
20885
20914
20960
20962
20993
21023
21032
21079
21156
21166
21178
21213
21229
21231
21248
21328
21345
21358
21393
21402
21413
21460
21472
21492
21499
21510
21510
21511
21527
21530
21577
21579
21588
21628
21637
21639
21660
21669
21685
21732
21796
21826
21842
21856
21873
21937
21938
22038
22048
22113
22164
22165
22235
22271
22356
22389
22397
22467
22489
22549
22575
22595
22596
22616
22626
22626
22628
22629
22633
22679
22701
22735
22917
22925
22930
22950
22961
22972
22983
23001
23002
23009
23070
23107
23112
23270
23292
23314
23340
23363
23373
23398
23425
23429
23454
23465
23484
23524
23551
23561
23602
23681
23709
23737
23738
23753
23756
23775
23796
23836
23889
23920
23952
23956
23978
23989
24053
24060
24187
24226
24334
24347
24371
24384
24396
24398
24401
24414
24425
24426
24481
24509
24541
24555
24561
24616
24639
24641
24653
24661
24676
24688
24716
24737
24744
24752
24769
24808
24813
24821
24836
24837
24857
24877
24903
24927
24995
25000
25024
25033
25115
25137
25197
25205
25246
25287
25318
25322
25323
25331
25338
25344
25345
25384
25420
25443
25448
25448
25461
25464
25474
25474
25493
25531
25538
25574
25601
25601
25767
25770
25777
25801
25843
25848
25931
25933
25953
26001
26018
26074
26109
26159
26325
26381
26424
26428
26546
26610
26666
26701
26849
26944
26954
27003
27015
27098
27143
27159
27270
27427
27428
27430
27484
27485
27517
27532
27540
27562
27563
27578
27582
27619
27753
27804
27830
27867
27881
27885
27889
27925
28147
28174
28185
28239
28281
28287
28362
28441
28511
28552
28693
28693
28734
28775
28778
28986
29029
29040
29041
29082
29186
29382
29434
29601
29638
29702
29751
29810
29832
29864
29990
30028
30097
30158
30219
30252
30265
30311
30323
30366
30370
30418
30436
30470
30595
30633
30668
30707
30806
30853
30875
31100
31164
31196
31242
31273
31292
31923
32034
37894
41251
42234
42365
43488
46004
46467
47945
48983
49068
49385
50069
50777
51543
53975
54009
57189
58532
60666
62733
72428
113977
