5.5868
5.5498
7.1232
7.0038
5.7639
5.8272
5.3249
5.5417
6.5992
10.1700
5.5896
5.9927
6.6339
4.6132
5.7833
5.5865
4.7239
5.9176
4.8347
4.9286
5.0947
6.9138
5.2237
4.3696
5.5539
4.9780
4.9500
5.9802
6.3391
6.2883
6.1540
5.5685
8.1867
7.9203
9.0448
6.8797
6.7532
9.6042
8.5478
7.7023
6.4374
7.5420
8.9407
5.5862
7.2817
6.2059
5.9961
11.1643
6.6630
6.2337
6.3566
6.2958
6.6551
9.5262
6.1993
7.0560
7.0271
6.0139
6.1352
5.3493
6.8862
6.5994
6.0960
12.0261
5.7354
6.2266
4.6732
6.2394
5.9310
5.0076
5.5959
5.0780
5.1156
12.2417
5.4423
7.6327
9.4235
7.0199
7.1879
5.9669
5.2895
5.1576
5.5941
4.4541
4.7860
5.2892
4.7549
6.7587
5.8076
6.5503
7.5573
8.7734
9.8019
9.7478
9.0282
7.2319
5.7783
6.1469
6.6613
6.6611
5.1563
5.6396
5.7902
6.1331
6.9097
6.1280
11.0796
11.1635
6.2631
5.2684
4.9254
6.1928
6.3024
8.9851
4.7595
4.6774
5.2588
6.8068
6.9761
6.6517
10.0419
9.3038
9.6304
7.5699
8.8148
8.6682
9.5690
9.4076
8.5872
8.7822
9.8289
9.6272
8.5695
9.2101
8.1153
6.8390
7.7889
8.0329
9.1500
7.0957
7.3001
9.0510
7.8630
6.5455
9.0972
8.6329
10.6586
8.3230
11.1956
8.1496
7.4804
8.3097
8.7018
8.0184
7.4561
7.1457
7.0324
7.5669
7.0966
6.9187
7.6307
7.6676
6.2484
6.9688
6.7473
6.2831
7.8601
6.2597
6.6936
7.3350
7.6430
7.6455
7.6490
5.2499
8.5511
10.1739
9.9073
8.8459
11.0436
7.3674
8.8979
8.6004
7.8717
7.4056
8.8236
8.9270
8.1205
7.2567
7.2710
7.4331
7.2570
7.2482
6.7114
8.2050
7.6980
9.7031
11.0710
8.1703
8.1973
8.2555
7.9652
6.9838
6.2392
6.0926
7.6173
4.4973
4.7316
5.4784
4.7537
4.9113
6.5206
6.3568
5.3673
6.3406
7.0313
7.4877
6.2551
6.1328
5.4569
6.4975
6.4441
5.9917
6.2907
6.5130
5.6114
9.1258
8.7960
8.9836
8.0033
7.7817
9.4543
7.4455
6.8052
6.5633
6.7987
5.2748
4.3489
4.3961
6.0466
4.8447
5.8506
5.9844
5.7065
5.7300
10.2938
10.3481
10.4647
24.1421
9.6153
9.9951
8.3044
11.2801
9.4430
9.5390
9.7142
9.5376
8.5578
7.1268
7.0125
13.9398
6.6139
6.2055
11.9849
10.5793
7.4233
7.8622
8.3814
8.2960
9.5192
9.2859
8.3354
9.3044
7.8176
7.6700
8.0872
11.7842
7.8182
7.4497
8.0327
7.8397
7.7841
6.8070
8.0341
6.3695
6.5872
6.0322
7.2793
5.9037
5.1566
6.7322
5.9490
3.6011
4.3514
10.4850
10.5518
4.2991
4.0351
3.5149
15.5729
9.3015
6.8159
7.3541
6.8868
7.1477
6.8558
9.4123
11.2830
7.4568
7.4225
7.4850
22.9589
7.2337
6.4179
7.1494
7.0600
10.6687
8.5543
8.3888
8.9013
8.8821
9.1899
9.2221
7.9560
6.2998
7.1426
6.3780
9.6014
6.7971
8.0827
8.0032
8.6799
6.9839
6.6697
8.4961
8.5230
8.0472
7.7482
8.1396
6.6589
7.8738
7.1892
7.2677
8.0410
8.3008
6.3177
6.7772
6.0950
6.6403
6.7497
14.0467
4.7237
6.0398
6.4815
5.4019
5.7364
7.2957
5.0071
4.6292
5.7650
4.9829
5.2783
5.3277
5.1445
6.1935
8.6041
7.4135
7.9485
8.3519
8.5913
7.0129
8.0358
6.6008
7.8868
6.5022
7.1969
7.5628
6.6845
6.5417
7.0203
8.4485
8.3086
5.7543
7.0472
6.9308
8.4714
8.1233
7.6458
7.6807
6.6810
6.8334
6.3470
4.6231
5.6173
9.1704
4.8581
4.2305
5.3649
5.0263
6.6454
9.4785
5.3663
8.5642
8.3833
8.7715
7.5794
7.2280
7.7608
6.7142
7.5795
7.1908
9.0177
7.6907
8.6583
8.5008
8.6192
6.5752
6.8859
7.8242
7.7571
7.2506
8.8090
7.3810
8.2258
10.1218
10.1384
9.3589
7.1270
8.6728
7.2886
10.2667
6.6852
7.3411
6.6614
9.6926
9.6892
6.7049
8.2402
7.4518
9.3078
8.4345
7.7041
8.7934
10.2968
6.4508
6.0135
5.6406
5.7396
7.7506
7.5859
6.3313
5.9791
8.5979
6.8000
6.4980
8.7082
6.6604
6.6587
6.5961
4.3683
4.7369
3.4574
6.5275
4.9110
4.7946
5.8843
4.7848
6.1866
8.7903
6.0115
4.8880
4.6200
4.6125
7.1774
5.4563
5.6815
4.4691
7.3971
4.7565
6.6694
5.4349
6.0347
5.0586
6.6549
5.1920
9.0721
9.1012
9.1847
6.3331
6.0253
5.9264
6.2579
13.6948
6.4882
6.4506
6.8287
6.5965
5.6070
6.8784
6.4250
6.6111
5.0545
7.8194
5.3757
5.7433
14.9843
15.0603
4.9963
4.9863
4.9115
6.5450
4.8331
4.6331
4.9767
5.1636
4.8203
4.8598
4.9834
5.9274
4.7338
8.1551
7.6990
4.7322
5.2972
5.8303
6.0023
5.7270
5.4804
6.3936
6.3642
4.9161
8.9141
9.2302
8.0471
7.5729
6.0037
8.5254
8.0562
7.9651
6.7065
8.9910
6.4217
7.2948
7.1046
4.1991
5.8412
5.4198
7.6292
7.8444
6.2136
6.6483
6.2592
6.1046
6.2729
6.3683
6.3627
7.5345
7.4848
7.4813
8.6694
5.0658
8.7412
10.0461
6.8989
6.0165
7.4504
8.2307
8.4070
6.4478
6.8601
7.8103
6.4536
6.4389
5.8392
7.2470
6.4347
6.3463
7.0826
7.1692
9.8114
7.9240
5.0357
5.1915
4.8889
4.2869
5.0476
8.2012
8.4494
7.8255
9.2464
7.9701
8.8698
8.8155
7.7748
6.7999
8.5829
7.3786
4.8120
7.9901
13.4579
12.0048
8.7857
6.9254
5.7704
5.6026
7.7390
9.5783
5.7274
6.0462
4.9872
5.4283
5.7147
5.3361
6.1013
4.7826
5.7459
6.0554
5.9092
6.0628
6.2949
5.5504
6.1786
4.9988
5.3139
4.5706
6.2670
6.1787
5.9027
5.8620
11.8861
6.9222
8.3741
7.6944
7.1204
8.4018
6.3391
8.8521
7.3706
6.2161
8.4646
5.0926
5.5852
6.4330
5.8672
4.5211
7.6878
7.9037
9.9528
8.4434
8.6416
7.2106
6.9556
8.3738
9.1462
7.9355
11.6389
12.3441
6.9803
8.6266
4.1796
4.4171
5.1728
5.2191
4.3451
4.2157
5.2176
5.2750
5.0950
5.1492
7.6848
7.9171
7.8593
8.8647
7.8764
7.0718
8.4196
8.3232
8.4903
9.6122
10.0926
8.0420
7.7737
8.9639
10.0385
9.2838
7.8244
9.4039
9.1031
8.7626
8.1408
9.0978
8.4962
9.0815
8.3838
5.0551
7.5553
6.9245
7.4467
7.5171
7.5567
6.8335
6.2278
6.7695
6.4746
6.3985
6.1039
6.6655
6.7645
5.9613
5.8368
6.3818
5.8614
4.6968
8.8393
4.8823
5.4070
5.8735
5.1294
4.8159
5.8397
5.7856
7.4607
7.5648
5.3686
5.3535
5.6950
4.7478
4.1835
5.5991
5.9880
4.3834
6.0766
5.8012
5.2843
5.3139
6.8938
6.4743
7.0327
5.9742
6.5771
6.6263
7.0954
6.6297
5.7459
6.9443
5.5326
6.8713
6.6592
6.8080
6.8822
6.6173
6.4980
6.3847
6.1429
5.5179
6.6549
5.3613
5.8103
5.9624
6.5028
6.4694
6.9643
7.5505
5.8944
7.3615
8.3287
9.7227
8.2825
7.7928
7.7542
7.1652
8.4028
7.4580
8.1999
7.6307
10.1240
7.7796
8.1376
8.9023
9.0185
8.4879
7.9102
8.5393
8.5528
9.1118
8.2839
10.0341
9.7380
8.4502
8.8948
9.5310
8.9685
7.4303
8.7057
6.6147
7.3486
8.3168
9.0657
8.6621
7.1457
7.5539
6.4164
6.7330
6.1184
7.0171
5.3096
5.5802
5.7814
5.7162
5.7043
5.6978
9.6936
7.9428
7.8884
7.3567
8.6083
13.7185
8.0154
8.8089
9.2964
7.0086
8.1062
7.8202
7.0222
6.4248
7.5405
8.6398
5.7166
5.7000
6.2293
6.1190
5.4582
5.1020
6.6485
5.6373
5.3035
4.9644
4.3875
4.9491
5.8673
5.1028
6.1131
5.0527
6.1186
5.9982
5.3728
5.4781
6.4307
6.7031
6.5717
5.5934
6.0703
6.7660
6.1278
6.7212
5.1983
4.7620
6.3439
5.6261
12.3026
5.2175
5.0773
5.1628
6.4143
6.9625
7.1645
7.7333
7.7285
8.8144
11.0901
7.2072
7.7357
5.0440
6.5079
4.9005
4.8817
5.6298
6.1810
6.1180
7.3401
5.2268
5.9925
5.9801
4.1056
14.8727
6.6595
7.0623
7.1532
8.3602
6.8073
6.7419
6.2581
6.7706
4.9734
6.3705
4.5586
5.3974
5.6044
6.0119
7.9650
6.1169
5.9492
10.4830
7.4013
7.6096
7.7000
9.1581
9.9685
9.9346
8.9591
6.5237
8.2220
8.3553
8.5470
8.3574
8.6515
9.2357
9.7166
11.0781
9.6363
7.8980
7.9462
7.8753
6.5594
6.5418
6.8233
6.0427
4.9422
4.9138
4.5156
4.6224
5.5373
5.1785
5.8483
5.2551
5.9072
3.9966
4.7029
5.5949
4.4310
4.7193
5.0415
6.4660
6.3579
7.3011
7.1063
8.3603
5.9234
7.4770
7.0551
6.8434
7.2587
6.6182
6.2069
6.4307
7.5222
6.0821
5.4228
6.6160
8.7905
5.9674
5.5710
6.7517
5.7728
5.3932
6.0076
6.6060
6.2188
6.7589
5.8913
9.7912
5.9625
5.6436
5.5566
5.0702
5.6990
5.9350
4.6476
5.3396
7.0488
5.8702
5.9899
6.3186
7.2534
5.6358
5.6613
6.7931
6.8849
7.2362
7.6020
6.3425
6.5842
6.6375
6.2928
7.0491
7.9153
7.8390
7.8365
7.2487
7.9272
7.4260
7.7841
6.8821
6.8447
6.3356
6.4184
6.2786
5.6166
5.4720
5.0711
5.2698
5.3578
5.0800
6.0262
5.5765
10.7021
7.6354
9.6270
10.0980
9.9814
10.2240
8.7105
9.0802
9.3476
8.1735
8.2613
7.3298
8.2674
7.7239
6.0195
6.0605
6.0209
6.6384
5.1289
4.8327
6.3773
5.4213
5.1582
5.9060
6.4153
6.1205
5.8005
7.2916
7.5995
6.0756
9.0906
6.4793
6.7930
6.4978
7.4162
6.6139
6.7132
5.2679
6.9907
5.7387
5.2251
4.7696
5.8568
5.7550
6.3852
6.6147
7.1267
6.2410
6.1201
5.5209
6.5046
7.1899
6.8555
6.2634
7.0354
16.7776
5.5812
5.7389
5.8683
5.7654
6.4225
5.8217
4.7903
4.2006
8.0816
4.5628
4.4474
5.4372
4.2194
5.7878
4.1052
8.5089
4.5566
5.1074
5.8432
4.5548
4.4653
4.4394
6.4430
6.8997
4.1094
7.3007
4.6452
4.3284
4.4316
5.5579
4.4916
4.6366
5.3830
5.2639
4.5268
5.0566
5.3268
4.8422
4.8692
5.6154
6.1395
5.9919
6.1241
4.5579
5.9662
5.2475
5.8343
4.7877
4.6800
4.9047
4.0028
4.9997
5.2595
5.5431
4.8706
4.9492
5.6655
5.2080
4.9864
6.7341
5.7346
6.0734
5.7028
6.3573
4.9497
4.9244
6.0077
4.9678
7.4256
6.2781
5.9930
6.5863
6.8962
6.9820
6.9217
5.5637
6.7910
5.0010
12.2418
12.3481
5.1417
6.7950
5.8065
6.4386
5.4969
5.6155
5.5597
8.6589
4.8393
8.0650
7.4769
6.1198
6.2110
6.8861
6.8856
6.6185
5.0430
6.2222
5.8540
4.9844
4.8552
5.1449
5.2796
5.4843
5.2791
7.5490
6.0206
6.5033
5.3687
4.8861
6.1566
5.8473
6.5805
4.7810
6.8451
6.7587
7.5650
8.6449
9.1401
9.3058
8.4593
8.5850
9.3748
7.5655
10.2294
6.4158
6.4387
8.0434
8.3095
7.9557
10.4543
6.3952
8.4423
8.5043
7.3217
9.6187
6.5862
6.5540
5.5295
5.1836
7.1682
5.7423
5.8412
4.0856
4.6449
7.1843
5.3419
4.9380
4.6667
5.7152
8.6254
3.9233
6.0577
4.8960
4.4769
5.0749
5.9849
4.5140
4.8769
4.8214
4.3878
7.5225
7.4760
8.6863
7.0026
6.9993
7.4267
9.5300
9.3308
7.6759
7.5961
8.2107
7.0951
7.5127
7.6435
7.0195
7.2710
7.1782
7.4101
7.1707
7.0937
7.5960
7.7167
5.9728
5.2034
7.7931
7.8586
7.8025
6.6072
7.7950
6.6154
6.3912
7.3281
7.4953
6.3521
8.6410
7.2974
7.5559
6.1391
5.3303
4.3981
4.1928
7.7339
4.8741
6.6980
4.8731
5.3585
7.0173
5.6605
6.1816
5.6710
5.6601
6.0643
6.2665
5.6149
5.8507
7.9643
6.7352
6.5783
7.1570
6.2215
6.0286
4.5738
6.1642
4.2195
7.8593
5.4928
5.7315
6.3479
6.2422
6.3824
5.7240
5.4019
7.7217
7.5080
7.0915
8.1389
7.7084
6.7937
7.2113
9.9374
7.8909
7.8314
6.5208
8.1266
6.5807
6.9200
7.4839
6.5773
5.3937
4.9151
5.6620
4.7174
5.9725
4.9603
5.2960
4.8421
7.3926
3.9741
5.4749
5.1457
5.5418
7.6816
8.2331
8.0836
5.8018
7.4292
6.1686
8.5427
5.8669
8.2079
6.5292
6.8936
6.2244
5.7882
7.9275
7.8493
6.9329
6.9264
7.0628
6.6457
7.0620
4.7106
5.9499
5.1618
4.8724
5.0990
5.9321
4.4644
6.2882
6.2756
9.7571
6.9423
7.7449
8.2408
7.6129
7.5625
9.7706
7.8353
9.2506
11.5969
6.9975
7.0877
7.6017
7.8070
7.8179
7.1993
7.5399
7.6858
6.7475
7.3033
6.9949
7.3147
6.7883
6.8021
6.2698
6.9255
5.6648
6.2434
6.3556
6.2914
6.1470
6.3476
7.4600
5.4704
6.5403
7.1560
5.1191
6.2301
6.1617
4.9331
6.1738
4.7035
5.7843
6.3146
5.6583
5.5929
7.1761
7.8982
5.9188
5.6125
8.2481
7.7405
8.2325
7.1924
7.8294
7.6136
7.5303
7.7950
9.0330
6.6278
7.3916
8.5754
11.1172
4.5217
4.2110
5.7360
4.5693
5.2111
3.2678
5.1638
3.9064
4.9863
5.3537
5.9825
5.9805
5.4177
6.1998
4.5101
5.0161
5.2380
6.5660
7.7011
6.5881
7.5960
11.0320
6.6893
9.1053
9.0928
7.9848
7.4584
7.5341
6.8056
8.1071
6.2725
7.5593
7.5204
9.0267
8.1454
7.0377
6.8660
7.1164
8.1036
6.9077
6.4146
7.9153
7.0503
7.1534
7.6791
5.3075
5.5787
6.5353
5.7282
5.3848
6.1336
6.3924
6.6032
6.6542
6.0750
4.0507
6.1558
6.6195
4.7306
5.0148
5.3475
6.1138
4.8287
4.9365
8.6886
8.6126
7.0711
7.0652
6.7731
6.6955
5.4345
6.6424
5.4868
6.1641
5.1427
5.4688
4.7556
5.9365
4.4405
4.0461
5.9248
5.7752
6.7627
8.8680
8.4616
8.5408
8.4677
7.5407
6.3923
5.7781
5.8254
5.4551
6.6073
7.6562
6.4915
5.3109
5.3631
6.4731
5.5958
6.3133
6.4062
5.9606
6.1247
6.6226
5.5376
6.1076
6.0167
6.4953
5.9662
4.3127
5.9643
7.0917
7.3338
7.0880
8.9827
8.5201
10.2879
7.5587
8.2816
7.1434
7.3424
6.1095
7.1483
7.6399
7.5437
11.9464
6.9290
7.8721
6.6048
8.7198
6.2861
5.7182
5.9989
5.9726
5.6356
6.9917
5.2426
5.6942
6.4755
6.0239
5.1291
5.1950
5.6400
4.3600
8.9119
6.7832
5.6455
5.6534
5.7327
3.9727
5.2397
4.4560
6.1436
6.0937
5.2586
5.6834
5.4487
6.5266
5.2770
5.6909
5.8423
5.7018
5.1829
5.9013
6.5864
6.2778
7.1373
7.2991
4.8544
4.7504
4.0220
4.6031
4.1769
4.9322
5.2576
4.4292
5.6255
8.8841
5.3512
5.4934
5.1690
4.3364
5.3706
5.6980
5.0475
5.3234
5.3067
5.1850
5.3123
4.9281
4.5016
8.5651
8.1497
6.3650
5.5217
5.9137
5.6023
4.5454
5.3767
5.9042
6.2551
5.6726
4.7003
5.3118
5.3644
4.4291
5.3203
6.8392
6.2478
6.8053
5.8164
5.1722
5.8185
5.3343
5.8672
5.4590
5.3944
6.0872
5.7949
5.7318
5.7708
5.8742
6.5979
5.7969
5.2611
6.1761
5.7187
5.2373
6.5019
6.1372
6.1133
5.4372
5.9269
5.7660
6.6035
6.5451
6.6652
6.6057
16.5198
6.0233
5.9929
6.6407
5.4222
7.0214
5.8070
6.3100
6.3430
5.7543
5.8926
4.7244
7.3832
8.3366
9.3191
6.3569
7.4646
6.4933
8.4254
6.7474
6.0957
6.4024
4.3901
4.5495
5.5134
5.9602
4.9637
7.0843
6.8020
6.8180
8.2361
9.2990
7.6383
7.1538
7.4817
15.6469
13.2900
9.2035
9.3117
9.2153
11.0759
5.7713
4.8793
5.6002
5.9439
5.1891
4.8004
4.9051
6.2699
8.8678
8.1055
7.9845
5.4157
5.6429
6.0143
5.7508
5.7117
5.3116
5.5378
5.2954
4.4181
6.1056
5.9639
6.1117
4.9094
7.3820
5.3979
4.5078
5.6883
4.2401
3.9790
5.1597
5.9301
5.1727
5.3736
4.0144
5.7793
5.7475
4.4750
5.8375
4.7230
5.6743
5.1163
6.1327
5.9330
4.7447
5.3224
5.7410
5.7817
5.8597
5.9594
9.4516
6.6536
5.4086
6.4972
6.4598
6.3429
6.5717
6.9288
6.0030
7.4789
8.8490
9.0941
6.0343
7.4761
6.9453
7.3635
8.4021
7.8221
7.4920
9.1590
8.8912
8.0870
5.9621
9.0090
7.6265
6.7977
5.5570
5.4916
5.0027
6.3515
6.4060
5.4521
5.5136
5.9316
4.8215
5.2652
6.0719
6.4872
6.0626
6.7141
5.6278
5.3386
6.8455
6.1821
7.0559
6.4501
9.4795
8.3635
8.2783
10.3847
7.5833
6.4392
7.7833
10.3443
7.5703
6.5875
8.3158
6.7291
8.3993
6.5202
9.6803
8.1999
8.0586
7.9619
10.1952
9.2829
5.1251
5.8106
5.2057
4.9752
5.3227
5.9328
5.2734
5.1972
6.0609
5.0040
5.2770
4.6857
6.1808
4.8673
5.9796
6.8632
5.9885
5.9720
6.0327
8.8483
5.4861
7.0904
4.8978
7.4231
6.3046
8.0046
6.0011
6.0030
6.9104
6.2242
6.0861
4.9698
6.2513
5.4776
7.2148
5.0441
6.3680
6.8590
7.4971
6.1657
5.2687
7.4054
5.5491
6.2915
5.8505
8.8070
6.6889
7.2384
6.7168
5.8432
6.0569
6.3812
5.8403
6.2122
7.1060
6.3990
6.9390
8.9132
7.1218
6.5077
5.6902
6.4984
6.0978
7.8615
8.1107
9.2302
6.2145
6.1730
6.5702
6.3855
5.6551
6.0807
6.3196
8.5736
6.1839
6.5290
6.6970
7.6621
6.2248
6.1318
7.4239
9.0385
8.3313
10.2357
6.5861
7.7792
6.8928
8.1498
7.6715
7.8049
6.6906
6.8088
6.6406
7.5613
7.5085
7.6479
6.8804
6.8143
6.6102
6.9041
8.5730
6.2408
7.0839
6.9876
9.0444
6.2276
6.7499
7.9146
7.1467
5.0847
6.5671
7.5936
7.2290
6.1416
7.5151
5.9884
7.3690
5.2510
6.2191
5.8233
5.5337
6.1213
6.6810
5.8297
5.8398
5.6525
7.2031
5.6817
6.0197
9.0496
4.5687
6.1888
6.1174
5.5308
4.8868
7.4683
7.2543
9.6761
7.6195
5.9403
6.5257
6.7666
6.1355
7.1138
6.0453
8.0966
7.0673
6.6898
5.2265
5.4219
6.5198
6.9903
5.4052
6.2531
5.5426
6.7030
6.4016
6.2518
5.8095
6.0595
6.6647
5.2021
4.8487
5.4112
7.0860
6.6421
7.6136
7.4851
7.2862
8.3043
8.2695
8.1498
7.3171
4.1780
3.9801
6.3261
3.7967
4.6509
4.5098
4.5227
5.6483
5.5898
5.3117
4.5791
5.2498
5.7426
4.3352
4.9122
5.6416
4.2851
4.6795
4.7467
5.5987
4.9805
5.7021
4.1879
5.1818
5.5497
5.6868
5.6372
4.0280
6.2159
4.7740
4.4463
7.1616
4.8078
5.4079
6.4037
6.2543
6.3648
7.2378
7.0072
6.9879
6.0025
6.1070
5.4347
7.3432
7.1247
7.4059
6.8175
8.5796
10.9957
9.0384
8.7876
