4.9844
7.2666
6.6373
6.7168
5.5992
5.1084
4.3834
5.4157
5.8783
5.7225
4.4426
5.1633
5.8715
5.2596
5.2825
5.1303
7.0754
4.9751
4.7040
4.9029
7.2803
4.9101
5.8890
5.1761
4.9709
4.9239
4.9975
4.7311
5.4452
4.2626
5.3496
4.5898
5.5003
5.0021
6.8045
5.5442
4.9112
5.0061
5.3091
7.6606
6.8006
8.0534
7.0109
8.1364
7.7046
6.0154
6.2414
5.2678
4.6880
3.8763
5.0281
4.1040
5.0582
4.9154
4.2886
4.5986
6.0430
5.3797
5.4055
4.2293
5.8745
4.9045
4.1698
4.7437
4.4661
4.6520
5.9677
5.2747
5.0985
5.4979
5.2788
5.2416
5.6846
5.1156
4.3488
7.8146
5.4195
4.5437
4.2839
4.5450
37.4388
4.5906
5.5359
5.5675
6.7892
6.8175
6.8151
7.1711
7.6403
9.7669
9.9053
9.9145
9.9345
10.4470
12.1077
12.1318
7.5145
7.6285
6.9537
6.9016
7.3968
6.0704
5.6245
5.5676
4.7780
3.5818
5.9134
5.4320
5.5068
5.6500
5.9405
4.7486
5.2022
5.0884
4.1591
6.1298
6.8426
5.9252
4.9468
5.5388
5.8741
5.3770
5.3412
6.4126
6.0797
6.4111
6.2670
6.1580
5.5508
5.7082
5.4540
5.5255
4.8881
5.1395
5.9937
5.3799
6.5069
6.7108
7.5039
6.5204
6.5544
6.1527
6.8883
6.1650
4.8210
6.7401
8.9117
4.6212
6.2020
8.0627
4.9936
5.6013
4.9969
5.0290
5.4042
5.9595
5.2674
3.7507
4.4114
5.4160
5.3602
4.1403
5.4811
5.1989
4.4476
6.0612
5.2130
6.5379
5.0702
5.3590
5.8891
4.3590
5.6788
6.1839
5.8900
5.6613
5.3045
4.6907
4.4687
5.3221
5.2096
4.9204
4.9715
4.7581
5.3140
5.1967
5.6619
4.6569
4.8255
4.7497
4.7662
4.2959
4.3944
5.3212
5.2434
4.8445
5.7768
4.4129
6.0427
5.3759
6.7998
4.8235
4.7276
6.1328
6.1462
4.8877
5.0138
4.4574
5.5426
5.1938
4.9595
5.6650
4.2933
5.0996
5.3934
5.5706
5.5598
5.4732
5.3549
4.4840
5.3927
8.4660
4.9565
4.6598
5.5113
4.8712
5.4745
4.7209
5.1316
5.0261
6.0351
5.2668
5.6362
4.7808
5.3805
5.7395
6.1556
4.6791
7.8196
7.2913
7.8394
5.6597
3.5032
4.9583
5.4949
5.5115
4.6796
4.7703
4.5269
5.2100
4.6490
5.0755
5.0132
4.6199
4.5111
4.3548
5.2111
5.0046
6.4313
6.1437
6.4196
4.4414
5.1445
5.1299
4.5444
8.9393
4.9798
4.0146
5.2055
12.1117
12.5785
5.3551
5.4357
5.8852
6.2267
6.2530
6.1460
5.3344
5.7437
3.8587
4.5863
5.0711
4.2088
7.7252
5.1668
5.6977
5.2506
3.4231
5.2427
4.0374
4.2770
5.2548
4.6564
4.7790
5.6156
6.0576
5.3211
4.5374
4.7400
5.3439
5.6708
5.6800
5.4226
4.0665
4.7354
4.8952
4.9191
6.1173
5.9634
7.1460
5.2455
5.1666
8.3909
4.4716
6.0395
5.0371
5.2256
5.6346
5.6348
3.7178
6.2786
4.7695
5.2734
5.5040
3.8000
5.1379
5.5838
6.1533
4.8637
5.0476
5.2455
4.9053
5.1823
3.2847
5.0622
5.6227
4.7023
4.4352
5.3591
4.9397
5.6939
5.3153
4.9297
4.6721
5.0734
5.0862
4.6633
4.1658
5.9301
5.7585
5.4718
5.4881
6.3155
4.9469
5.5953
4.5197
4.8790
4.2695
5.4485
4.3194
4.8143
5.3529
5.3428
5.2934
4.8906
13.1823
5.0014
4.9623
6.3257
6.4516
5.4303
8.7162
4.8815
4.7942
4.5592
4.6324
8.9302
4.9592
5.8578
8.2053
4.3835
4.2647
5.5580
4.5976
3.8437
5.2462
5.1240
5.3408
4.6966
4.6601
4.6070
5.1008
5.0542
4.9955
4.9574
5.2179
4.1550
4.7008
5.2378
5.4329
5.3140
4.7209
4.6836
5.7034
5.6478
5.1073
5.1336
5.5494
5.8195
6.6448
5.2116
4.6290
5.1782
5.9130
6.0519
5.5041
5.6718
4.9895
5.6155
4.6781
5.6910
5.5228
5.9469
5.8240
6.2963
5.3458
5.1048
5.0936
6.5367
5.8222
6.4444
6.0218
5.3834
7.3495
7.2285
6.6983
6.5799
6.8890
6.0432
6.9308
7.4733
6.4544
6.6876
7.0133
6.2439
5.1068
4.6751
5.4930
5.8970
5.7556
5.6681
5.0622
6.2520
4.6852
5.6573
5.6623
5.8326
4.8876
6.4347
5.1037
5.6599
3.9175
5.3639
5.0425
4.6309
4.6412
4.6007
5.9742
5.0556
4.1390
5.0725
3.7020
4.1570
4.2445
4.4665
4.5202
4.8628
5.8928
5.5810
3.9474
4.6907
4.9433
4.3285
4.5043
3.5457
4.4389
4.2748
4.4883
4.3750
3.8142
3.9549
4.1790
6.0005
4.3701
4.3260
8.2927
8.3030
4.6624
5.2269
5.3443
5.6558
3.9162
6.0642
4.9927
3.2266
3.7320
3.6701
5.1618
4.0278
3.5075
5.5411
6.0598
4.8479
5.1738
5.1875
4.5782
5.8672
5.1810
4.5344
4.8568
4.3733
4.1601
4.8383
6.5651
7.5472
4.6394
5.4202
4.8669
3.8373
8.0943
4.3145
4.0005
4.4002
4.6508
5.0582
5.4606
3.0392
4.6499
3.7709
4.8762
4.2190
5.5587
5.0738
5.1826
6.9209
4.0048
5.5173
5.1623
4.3553
3.4406
4.4225
4.2488
5.7887
3.8326
5.6858
4.5635
4.2419
4.4331
4.3892
5.1026
4.6941
5.1379
4.9980
3.8169
4.5604
3.7922
5.3092
3.6622
4.0964
4.8282
4.0363
6.1515
6.4161
5.2522
4.8728
4.5702
4.0285
4.3781
4.8500
3.8953
4.7368
5.2022
5.5145
4.9938
4.9462
5.6020
5.5998
6.2845
4.7509
7.8662
6.0573
4.7884
5.5312
5.8686
4.8191
5.4566
5.1594
5.0384
7.7377
5.4652
5.3204
4.7629
5.2697
6.4732
5.6428
4.5808
7.6841
7.7206
5.6929
4.5117
5.3057
5.0173
4.1767
5.6775
4.7958
4.3895
8.9252
5.6243
6.1651
6.1623
5.4954
5.2871
4.5232
5.3824
4.9558
5.2446
5.2370
5.0106
4.4027
4.6727
5.1665
5.0478
3.3323
4.9732
5.0518
4.8995
5.4857
4.0748
5.3070
4.1186
3.8746
5.6630
4.8340
4.2465
4.3688
4.9537
4.8885
4.6086
6.3984
4.6077
5.5530
3.5783
4.3676
3.8269
4.2660
8.1560
5.2746
4.8169
4.3061
5.6968
4.3325
5.2105
4.4664
5.5063
5.5903
6.0411
5.2534
5.3017
6.5488
6.5009
5.9403
5.1345
4.8382
5.2639
6.4370
5.6583
5.3519
4.7577
5.3999
5.3992
5.9288
6.0292
5.4303
5.4893
4.9880
5.2244
5.7599
5.0002
5.0102
4.8607
4.9744
4.9863
5.9002
5.5908
6.1077
5.4786
5.0628
5.8347
4.5925
5.3029
5.1644
5.1089
3.8455
4.7198
4.8733
4.1178
5.2919
4.5637
5.2049
4.2524
4.3012
7.9092
4.1920
4.9085
4.7832
6.9562
6.4830
4.7023
4.8950
6.3564
5.8092
5.6685
5.2174
5.0358
6.1072
5.1248
4.9103
5.6006
5.2748
6.0832
7.9065
6.3194
6.3027
6.4704
4.6257
4.4231
4.6691
3.9404
4.7430
4.3854
5.8523
5.6587
4.3913
5.6111
4.7442
4.6163
4.6344
3.9016
5.0544
4.4900
5.6098
4.8223
5.3425
5.2298
5.8733
4.7280
5.2828
4.4981
4.5032
4.1102
4.9770
4.5486
4.1103
6.8074
7.8496
6.9564
6.4047
7.3244
5.4816
5.3724
4.5615
5.1216
4.6834
5.7437
4.2800
4.2268
5.6110
3.8112
4.6465
5.1928
5.1985
5.1578
5.6730
5.3693
6.4822
4.5635
6.1174
6.2645
6.1042
5.6955
5.6159
5.0750
3.4141
5.2615
6.1202
4.9310
5.6098
5.5436
5.6321
5.6959
4.9696
5.3621
4.6500
5.3555
4.7423
5.3821
5.4199
5.4033
4.6030
4.7470
4.1113
4.4379
4.8952
5.0476
6.0897
5.0046
5.2937
4.9873
5.1625
3.8069
4.5490
4.8259
5.3608
4.7316
4.1764
5.0756
4.8203
5.0992
4.5281
5.1619
4.0310
4.0608
4.6072
5.6157
5.3264
5.1078
4.7420
5.9038
5.0240
4.9489
3.8725
5.5055
4.4869
4.2634
4.5386
4.6212
5.3253
4.5469
5.5758
6.0150
6.1204
6.2259
5.9906
6.0358
4.3616
3.8126
5.3406
4.7775
4.8574
4.6691
5.4837
5.4931
8.5438
4.6579
4.6280
3.9472
4.2909
6.3745
4.9896
5.7961
5.0918
4.3406
5.2193
6.2533
4.1680
4.9006
6.7135
4.5899
6.4740
5.7470
4.5426
4.8649
4.1238
4.8071
5.6517
4.6362
5.0612
4.5106
5.4624
4.5302
4.5554
5.6698
5.7218
6.1163
4.8866
3.4771
4.8549
5.8628
5.6162
4.8682
5.0053
5.5119
4.7175
4.8898
4.7219
4.8000
4.3889
5.7021
5.6487
6.1608
4.5184
5.5125
6.4145
5.1498
5.5232
5.4712
6.1948
5.6110
4.1983
6.4327
6.2608
4.0244
5.0563
4.5603
4.2567
4.7653
4.6360
4.4295
4.4711
5.5834
4.8523
4.9533
6.7534
4.3908
5.3580
4.7405
5.3759
5.4764
5.3747
4.3412
4.6647
5.4922
4.8320
5.8532
5.6536
5.7264
5.6896
4.6996
5.4866
4.8339
5.7222
5.8744
5.7462
3.9737
4.4830
4.9971
5.1038
4.3385
5.1631
6.1121
5.0547
5.1777
4.5590
5.9717
4.6782
5.5718
4.9718
5.5614
4.7978
4.9464
4.1001
3.0427
5.5530
4.6920
6.1270
6.1265
4.2602
5.0427
4.1612
5.1020
4.1052
4.7928
4.8082
4.4240
5.9022
4.9501
7.3103
5.6632
5.6462
5.5036
5.6345
5.3536
5.4888
7.2082
4.5650
8.9463
6.1924
6.1352
5.1525
6.8949
5.6519
5.2523
5.2458
5.1323
6.3601
4.3879
5.6111
7.0950
4.0272
4.7282
5.4180
4.8610
5.3291
5.3295
5.3340
5.1551
5.5131
5.7487
6.7785
6.1876
5.8589
5.0958
6.6194
5.8078
5.2245
4.5592
4.5984
5.5544
5.6317
5.8048
5.9030
5.0795
4.6652
5.2549
5.6747
5.9189
4.7737
4.9872
4.7325
4.8957
6.5100
5.0764
5.3004
4.7562
4.6839
5.2180
5.5221
4.4279
5.5367
3.8680
3.8138
6.2542
4.8663
6.4259
6.2905
4.3824
4.6073
5.4571
8.7022
4.8033
4.4305
4.5272
5.0899
4.2302
4.3736
4.7559
7.5831
5.0200
4.9114
4.1844
12.2357
4.2688
5.3328
5.3304
6.1464
6.9075
5.3311
6.9202
5.9982
4.9238
6.9150
4.9655
4.2184
4.4351
4.6790
6.7990
5.0183
5.0516
4.8277
6.0061
4.5984
4.0069
9.2835
5.6250
5.1825
5.3696
5.3344
4.1469
6.5679
4.9989
7.0582
5.9587
6.0927
6.6152
6.1747
5.4636
6.1470
6.7269
4.2165
5.9711
8.5149
4.8917
6.0698
6.4582
7.0293
8.3192
8.7142
8.7252
8.7186
6.5727
5.4441
5.0893
6.4146
6.4071
6.4042
5.9060
4.0490
5.1605
5.8512
5.4320
4.6659
4.6972
4.8253
4.8989
5.0495
4.0131
3.9841
5.3642
6.1870
4.5784
4.8690
3.8164
5.3762
5.8514
5.5781
4.4475
5.0566
5.7629
5.7636
4.1541
5.3984
4.1252
5.0916
4.7926
6.4672
3.6655
4.6454
5.0482
4.3425
5.5841
4.9248
4.2481
4.4884
4.2136
5.0098
6.2192
6.1827
5.6921
5.8411
4.7689
4.7276
4.8701
5.9703
5.8511
4.9789
4.1395
5.2142
5.4048
6.9571
5.9251
6.0743
3.8150
5.5026
5.2232
4.8187
6.0047
6.2750
4.8119
5.3286
6.0679
5.3037
4.6332
6.1712
4.4376
4.5936
6.2533
4.3787
5.2514
5.6460
6.1736
5.7714
5.9355
5.0435
4.6415
5.7584
6.0727
3.9165
6.0410
5.9701
5.4209
4.3606
5.4287
3.9993
5.0896
4.8124
4.7030
5.8082
5.8682
4.7090
5.2920
4.4233
3.6995
4.9288
4.7890
4.7531
5.0890
4.1793
4.8172
4.4401
4.7503
5.7729
5.6627
5.8161
5.2532
5.4451
4.6383
3.9342
4.3273
5.7241
4.7209
4.2241
5.0102
5.3420
5.2821
5.2235
4.7125
5.7717
6.6320
4.1587
4.8514
5.3905
5.9731
6.0666
5.9760
5.7827
4.8537
4.9733
5.5357
5.8132
5.9971
5.6252
6.1303
4.5832
4.6590
4.8350
4.2579
4.7248
4.4693
3.9956
4.7891
4.3653
4.3841
5.2327
4.1860
4.3115
4.3294
4.5692
4.0515
3.4818
4.6897
4.1765
4.9934
4.7629
4.7195
4.2032
5.2696
4.5308
5.0118
4.4994
5.0952
5.6442
4.3599
4.5608
5.1285
4.4725
5.3459
4.8757
5.5594
5.6585
5.2739
3.8803
4.7774
4.6833
4.6217
5.1815
5.7150
6.1537
4.6167
6.5105
4.7293
5.2604
4.3224
5.2792
5.6476
5.6609
4.3140
4.5230
4.5612
3.8193
5.1369
2.9814
5.9429
4.5723
4.7772
6.0579
3.9420
5.9753
5.8845
5.2051
3.4577
4.7863
8.2413
5.1920
6.1409
6.0482
6.9988
4.7804
5.5468
6.3146
6.1941
4.8801
5.0674
6.8497
4.6609
5.2369
4.6073
4.9970
4.8822
5.4964
5.0611
4.9973
4.9649
5.0339
4.2758
5.3503
5.6040
5.2405
5.6158
5.4168
5.3258
5.3804
4.7344
6.1311
5.7470
4.6453
4.6161
6.2913
6.7276
7.0686
5.3934
5.3647
6.0108
5.8576
7.2144
6.6536
5.7288
6.0751
5.1690
4.8645
5.5067
5.0465
6.2277
6.3264
6.2765
5.0844
5.7985
6.2351
5.3869
5.5007
5.8670
6.7150
7.6952
7.3437
5.4922
6.0797
5.5879
4.8427
5.8734
5.9229
6.2062
6.3372
5.9235
5.8351
6.3233
8.1709
4.4227
3.9853
4.9072
5.7165
4.2749
5.3824
6.2715
5.3903
6.3855
4.8888
6.3761
5.8894
6.1553
7.0774
5.6990
6.0272
4.3522
5.4457
7.2031
5.1276
5.7777
4.0638
4.1971
12.9362
15.6156
14.3707
4.7668
5.1056
5.7033
6.5728
7.3379
7.3540
7.8118
8.2699
6.9021
9.3102
4.6302
4.6633
6.7490
4.7437
12.8521
5.2971
6.0683
6.6886
5.5247
6.6931
4.7401
6.9765
7.1149
4.8686
5.7672
5.0444
5.4899
6.6164
4.3031
6.6665
5.4311
4.9058
5.0284
5.6677
4.5366
6.2824
4.9784
5.6061
6.1337
5.3721
6.0870
8.9483
6.3426
6.6908
4.7213
4.8030
4.8235
4.8623
5.5253
4.9933
4.6677
8.7074
4.5828
5.4061
4.9474
5.0062
4.0035
5.8202
5.1304
5.7140
6.8342
7.3879
6.0146
5.2919
5.2339
5.9447
4.0123
5.1046
4.3781
4.2819
6.4404
5.8069
7.8686
4.8001
4.7322
4.6365
4.3978
4.8627
4.4370
4.4036
5.3015
4.7265
6.9444
5.0001
4.5643
4.6777
5.1096
5.1804
7.5814
5.4204
5.0784
5.0418
5.0739
6.1214
5.6465
4.7229
4.3131
4.4679
5.0809
4.3300
5.1629
5.3601
5.9424
6.3803
5.7499
6.1780
3.8748
4.8076
5.3931
6.2886
5.1573
4.4172
4.8389
4.4009
5.7268
4.2950
5.0815
5.3121
5.9997
4.6566
4.7103
4.2346
5.2086
6.2613
5.4333
5.0633
7.3732
7.1799
7.7767
4.6848
5.2316
10.7747
12.9734
5.8480
6.2944
6.7505
6.8176
5.8439
6.4218
6.8256
7.5187
7.9411
17.5271
4.8583
4.8214
4.8142
4.3433
5.1041
5.1536
5.2599
5.1558
5.2128
6.1664
4.9834
4.2019
4.9575
4.8469
6.0868
5.5784
5.5612
5.6248
6.3136
6.1909
6.1617
6.1720
4.9086
5.7781
4.2390
4.6413
5.7487
5.0032
5.8266
3.8183
4.8049
4.9788
4.9732
5.3311
4.7715
6.3897
4.1211
4.0691
6.6878
3.8787
9.8269
4.4482
3.6228
4.1447
5.4431
5.5798
4.5274
5.4556
5.3826
4.9433
4.8636
5.2004
4.4698
4.2771
5.1457
4.8252
4.5609
6.6810
4.8042
5.3354
5.8192
5.5339
5.9722
5.6128
4.8589
7.8563
4.0605
4.3227
3.9139
4.5047
4.0211
4.9569
4.7536
4.4114
3.9706
5.9919
6.4854
5.2152
4.7641
4.1195
4.6035
5.2342
6.0259
4.9647
5.1980
8.6924
5.7490
5.5748
4.3656
4.3724
5.1665
5.3008
5.4063
4.8388
4.1729
4.9375
4.2480
3.9588
5.3184
4.4200
4.5965
4.6865
5.4349
3.8271
5.0569
4.7923
4.7550
4.8800
4.3777
5.7535
4.9240
5.7241
4.1356
4.2065
4.1149
5.6885
4.2389
3.5829
6.0417
4.5199
5.9447
5.4985
4.2914
5.7174
6.1362
6.1454
5.7197
4.4671
6.1752
4.7608
4.2119
4.7203
4.6169
5.6260
4.4604
4.8192
4.1651
4.9791
3.5872
4.3812
2.9200
4.5128
4.5496
4.8562
3.9448
5.1740
3.9658
5.3871
5.3542
7.6385
4.7849
5.2571
5.4951
5.8788
4.8732
4.8852
5.0557
4.5712
5.7964
5.7719
5.0200
4.8513
3.9350
5.5051
5.3151
5.2537
4.7046
3.9782
5.4936
4.0915
5.8465
5.9909
5.9274
5.2791
6.4806
5.3708
5.3720
5.5978
5.5899
6.6816
6.0723
5.1858
5.3159
4.5714
5.5715
5.2389
7.3460
4.1309
6.2097
6.3232
4.7246
4.7112
5.2242
4.7461
5.6186
6.0325
6.1631
5.4444
5.6550
5.6452
6.3503
5.8554
5.9976
4.3111
6.0149
5.2634
6.3770
3.9011
4.6917
5.3270
4.8834
8.3440
4.8840
5.3994
5.8215
5.7331
5.7267
5.2753
5.6395
4.7051
5.7729
5.1229
5.5824
5.6562
6.3047
5.1289
3.8109
6.2648
6.1812
5.4203
6.0871
6.0009
4.9438
4.8565
5.3852
5.2307
4.1166
4.5478
6.1739
4.9557
5.0842
5.9084
6.5613
4.1684
6.0674
5.9547
8.5574
4.9930
5.6577
5.5191
4.3005
5.3426
5.3158
4.6670
6.1225
4.4074
4.2857
3.6625
10.1168
4.0344
5.0988
5.5572
5.7493
4.9944
4.2090
4.1764
4.8644
5.5503
4.3751
4.1843
4.1194
4.6013
3.9847
4.3863
4.4967
4.7847
6.4164
3.8306
4.1423
4.3003
6.5862
5.8998
5.7495
5.6235
4.1110
4.9679
5.1433
4.9982
7.4370
8.6408
4.9741
5.5389
5.5604
7.6102
6.4612
5.7507
5.2032
5.9759
6.3084
5.3842
4.7023
4.9146
3.8361
4.9568
4.0737
5.7548
5.5457
5.0143
3.7219
4.3471
4.3640
7.4987
4.9786
4.2512
6.2554
3.8941
4.8593
5.1816
8.0114
4.9363
5.4747
4.3938
5.6134
4.5366
4.5882
5.6730
5.1937
4.3566
3.2536
8.4189
5.0604
5.2009
4.5948
4.5136
4.4323
8.6926
8.3730
3.8544
4.1723
4.7786
5.9904
3.8668
4.0522
4.6054
4.7684
5.7103
4.8978
7.0633
5.1229
4.4944
4.5293
4.5948
5.3675
5.6749
4.4392
4.3253
4.1980
4.3835
4.0110
6.0602
3.5832
6.0243
6.1818
4.2727
4.6020
3.8859
10.8506
6.8152
6.7728
6.7852
6.7669
6.7749
7.1450
4.5197
4.4790
5.0019
5.3509
4.8655
4.7145
10.0344
5.0200
5.1333
4.0583
4.5778
4.6607
4.5875
6.0843
6.0856
5.3335
9.6327
4.0663
5.1383
5.2045
5.3113
5.3096
4.9934
5.6188
5.5066
4.8226
4.7597
5.5649
5.5490
6.1940
8.5610
5.1726
4.9775
4.2111
4.9219
6.0684
4.4509
5.4160
4.4601
4.3239
3.8712
7.6479
5.6834
4.0308
5.9861
6.0645
4.9318
4.3938
4.1008
8.5138
4.3839
7.9456
15.1720
13.4899
3.7897
6.6060
6.6229
6.6130
7.6483
7.9368
7.9482
5.4784
4.9280
4.3844
4.4194
5.3101
4.4360
5.5257
5.8766
4.8631
6.4837
5.8542
5.7339
5.2545
5.5203
7.4948
7.6282
6.2980
6.4330
5.6681
5.3749
5.7583
4.6224
5.4560
5.7630
5.1404
5.1143
6.0650
4.8814
4.8826
5.3986
5.5878
5.7313
5.7289
4.4054
5.2125
4.4061
6.4073
5.9717
4.9618
5.2388
5.1147
4.4906
5.8167
5.2957
4.9190
5.1009
4.8265
5.8217
4.9520
5.4116
5.8611
5.6432
5.4168
6.1458
5.7533
5.9357
6.3482
6.2009
5.3844
6.1947
6.2130
6.1080
5.6757
6.1895
6.4081
4.9212
6.0148
4.3847
5.7339
4.8319
5.9325
5.8792
5.0430
5.4185
6.1492
5.8559
4.9476
5.2544
5.9390
5.3611
6.8502
5.1143
8.9691
5.9232
4.1881
4.9018
4.9642
5.0471
5.2017
5.3483
6.5521
6.4233
5.9673
5.6688
4.7205
5.4826
5.4892
5.0607
5.7528
6.0203
5.7715
6.2147
5.8639
4.9767
4.9160
5.5936
5.4394
4.5683
5.0424
4.2129
5.2053
4.1032
4.9054
4.8427
5.4155
8.9113
5.1744
4.9409
5.7247
5.3998
5.3115
5.0301
6.4288
5.0065
5.5099
5.2063
5.8530
4.6190
4.6005
5.1794
5.6620
6.1313
5.4905
6.1193
8.4979
5.2209
5.5270
5.6809
4.7858
5.3943
4.1431
4.2085
4.8242
4.0402
5.1344
5.1041
5.2110
6.6507
9.2002
4.3416
4.6401
6.5830
5.4201
4.6385
5.2964
5.4434
5.2172
5.3020
6.1525
4.1312
6.5353
5.0540
5.0669
4.2595
4.4165
4.5453
5.8755
4.6770
4.9606
4.8685
8.5154
5.0483
5.6662
4.8559
6.6901
4.6650
5.1259
8.7396
4.9601
4.8369
4.4526
5.7005
5.5708
4.7815
4.6311
6.4966
6.4819
5.5209
6.1100
6.3140
5.0309
6.3288
5.7779
5.2372
5.7673
5.7669
4.8234
5.3109
6.1982
5.0902
5.7410
4.6686
5.8733
5.5519
4.6707
4.6699
5.1576
8.1070
4.9092
5.0570
5.1813
6.2976
5.2608
4.8735
4.2893
5.6544
4.5214
5.7759
5.6540
4.8745
6.6421
6.0948
5.9930
4.2845
6.6148
5.8975
4.6208
4.1106
5.4338
4.9831
4.8569
5.5010
6.2255
5.4633
4.9871
3.8961
4.5009
3.6403
5.9448
4.5771
5.7559
6.4380
6.8074
5.0949
4.0745
3.2113
4.8021
3.5140
3.8026
5.0313
4.6257
5.9428
5.4147
4.1491
5.6478
5.5272
6.5877
3.7897
5.4778
7.3039
4.2138
5.3124
3.9927
7.4330
4.5620
4.6161
5.7955
4.9755
5.4691
5.5404
5.7189
5.1710
4.7560
4.4379
5.4082
5.7628
6.4893
5.6196
5.8200
6.4896
4.9269
5.9307
5.2033
4.4918
4.6414
4.0792
3.6712
6.5360
4.6863
3.8793
4.7006
5.1533
4.8712
4.1630
4.9591
5.5447
4.5632
5.2779
5.2379
5.7265
5.6059
6.4982
5.0045
5.1287
5.9219
5.3480
4.5342
5.0340
5.3115
5.4274
5.0240
5.1523
4.9122
4.1374
6.4624
5.1526
5.2358
5.6665
4.9805
5.5671
4.7542
4.6380
5.6766
5.7611
5.1198
5.0443
5.3249
6.2449
6.0779
7.0804
4.9549
5.1519
5.1191
5.4966
3.2500
5.5705
4.8517
5.0261
5.2808
5.7605
5.8892
5.0203
5.9505
5.8825
5.4299
5.4229
6.0445
5.3180
6.0598
5.2879
4.8583
4.5905
5.5598
4.9666
4.6877
5.2883
4.7259
5.9554
5.9205
7.8368
4.6861
5.7053
4.9341
5.2596
4.7178
4.6101
3.7847
6.0758
5.2320
5.2713
4.8460
5.0757
6.1429
5.0882
4.4472
5.6441
7.8453
4.9526
5.5335
6.4540
4.4185
4.9027
3.8564
5.0738
4.6190
5.1229
5.5020
5.7666
4.5479
4.2009
4.1329
4.1907
5.4997
9.3317
5.5001
5.4684
6.4976
5.2921
5.0223
5.5904
4.7765
4.6710
4.1445
5.0207
4.9890
5.6274
5.5759
5.1728
5.8264
6.3324
6.1851
5.0117
5.6182
6.3705
4.1701
5.0002
4.9137
5.8018
4.8606
4.8117
6.3240
5.0771
7.6555
5.6459
5.1188
6.0103
6.3794
7.0189
4.9993
5.4090
5.1980
6.2246
6.6887
4.9650
5.8596
7.1103
5.7130
4.9418
5.5629
5.5179
5.3887
5.9686
6.2770
6.3378
6.2813
6.0482
5.7790
5.5622
5.9938
4.5654
5.8582
5.5520
7.2893
5.0989
3.8776
5.4933
8.0936
4.7887
5.7306
5.7903
4.0161
5.1165
5.9973
6.1651
4.8948
5.8894
5.5676
5.3091
5.2119
4.9612
5.2689
5.2552
4.9019
4.8099
4.7714
5.1287
5.0639
6.7753
5.0333
4.6861
5.0795
3.9964
4.0247
5.8094
4.1672
4.5392
5.4967
5.2964
5.1912
5.7508
5.6400
5.7893
6.5150
5.7557
5.6969
5.2435
4.9133
4.7431
4.7923
5.7980
4.7660
5.3598
5.7831
5.2704
5.6373
5.3537
5.4743
5.2805
6.0770
6.7680
5.7706
5.1260
5.7945
4.9377
7.4881
4.3487
5.2542
4.7448
4.1483
5.3064
6.1388
5.3432
3.8468
4.7375
4.8156
5.3407
6.3927
6.0675
5.7136
6.2404
6.1240
6.1367
6.6253
6.5909
5.6091
6.1800
6.1129
4.5931
4.3664
4.9618
5.4690
2.9798
5.0666
4.1066
5.1902
6.5472
6.7056
5.1615
6.6069
5.1615
9.0224
5.1896
5.8421
5.7786
5.6032
6.2477
5.1951
4.5238
6.1926
6.4003
6.0389
4.2330
4.8132
5.6503
4.4133
4.4707
6.7586
5.4117
4.7575
5.7676
5.0009
4.9419
4.4219
15.3564
14.4997
4.4212
5.1962
5.6309
5.1876
4.7930
4.8234
5.1865
4.0353
5.4194
6.3551
5.1685
5.7044
6.4251
6.3255
6.3194
6.4116
6.6622
4.5523
4.8808
4.9496
5.0557
5.1387
4.1923
5.0444
5.1423
5.1190
5.2050
4.9483
4.0918
4.5174
5.7662
6.0775
4.7538
6.2571
5.9871
5.6340
6.1192
5.3660
4.6325
5.0728
4.9955
6.2718
6.7615
8.1457
4.9567
5.9419
5.5695
4.0257
6.5453
6.5202
6.5161
5.0089
4.5687
5.3396
5.3056
4.8524
5.7785
5.7738
5.4605
4.7588
5.4827
5.4222
4.8278
5.7576
4.4550
5.3613
5.4035
4.8341
5.6597
5.2931
5.3216
5.4932
4.3949
4.7426
3.2607
6.5804
5.8445
5.9664
6.2270
6.6610
5.5708
5.9211
6.8399
5.6564
5.0887
6.4084
5.6717
6.2015
6.0591
5.9475
5.3411
6.0786
4.8918
4.8872
4.2117
5.0516
4.1175
6.8543
5.5822
5.6173
5.5056
5.1036
5.0891
5.0546
5.1776
5.5658
6.5669
6.4444
5.7015
5.8445
5.0199
6.2105
4.8553
5.2485
5.5305
4.8341
5.2362
5.4390
5.2735
4.3380
5.2056
4.1924
5.0788
4.4861
4.8243
4.7193
5.9972
4.6178
5.3695
5.9200
6.2402
5.7540
4.6801
5.6786
4.8444
4.9255
4.6148
4.8863
6.1786
4.8098
4.8761
4.6617
5.4530
5.4611
5.3363
4.3534
3.8075
4.5743
5.3651
4.8292
5.3939
5.3496
6.2335
6.1778
4.1833
5.3463
5.5157
4.6170
5.8344
4.4622
4.5416
5.1393
5.1931
5.9748
5.5472
6.0377
5.5874
5.0864
6.0895
4.9291
5.4880
4.1287
5.4441
6.7609
7.2569
7.6888
6.1946
5.4784
4.9412
6.2463
5.0627
7.9677
5.7291
5.8161
4.9596
6.8068
5.9537
8.0081
5.2513
5.6086
5.8719
5.0743
5.9154
5.9522
5.4272
6.2442
5.3429
4.8036
5.8021
4.9365
7.2679
8.2070
5.7126
5.1014
5.1821
6.4023
4.6564
6.5568
5.5773
5.4921
6.0684
4.0217
6.3763
6.3622
4.7296
4.3076
5.7736
5.3184
5.0324
4.9058
5.5652
5.3167
6.0791
4.8564
4.4432
4.4025
5.4568
5.2681
4.6315
8.2825
5.6547
4.4771
4.2720
4.5368
5.6131
3.8720
3.6302
4.9575
4.7164
5.2464
5.1136
4.3612
4.2496
3.8747
6.0273
6.2563
6.1335
6.1150
5.5275
8.4648
5.3307
5.1566
8.4809
4.8991
5.7167
5.1138
5.7732
6.0785
6.4528
5.1217
5.2130
4.9752
5.2790
4.9085
5.6416
5.4730
5.3729
5.5141
4.8295
5.9050
5.5284
5.2027
5.1009
4.8086
5.8967
5.1241
5.0106
4.5234
4.7427
4.9010
5.4126
4.2991
4.9735
5.7757
4.2784
5.7532
4.5395
5.4860
4.9577
5.2851
4.3592
5.9077
6.3064
4.8919
5.5193
5.5078
5.9415
5.2863
3.9880
6.5131
5.0086
4.1706
5.7097
5.7106
4.7269
6.2430
5.9989
6.4734
5.9351
4.9130
5.4030
5.0262
5.2079
4.6102
5.2791
5.9402
5.4646
5.9086
4.9786
5.3683
5.9928
6.0842
9.6009
5.8059
6.1826
5.2622
4.0527
5.1290
5.2669
5.7973
5.3559
4.7933
4.7614
5.8622
4.8874
4.0258
6.1433
4.7294
6.0811
5.7295
5.6036
5.2385
5.5620
5.5542
4.6159
4.6892
7.2701
5.2743
5.0381
5.2269
6.2475
5.3919
5.9346
5.9532
6.5250
8.7197
5.8452
4.9765
5.8522
4.6604
6.2016
8.0044
5.0906
5.3328
4.4591
3.8356
6.5021
5.2850
4.9818
5.2660
5.6826
6.4209
5.9459
5.6331
5.7443
4.8389
6.0478
5.1501
5.3756
6.7787
5.2919
5.9964
5.4319
6.0147
5.9153
6.2793
5.8716
4.2459
4.7115
5.4242
4.8205
5.3409
5.0746
4.9644
5.2422
5.5959
6.1558
5.5701
5.2652
5.1335
5.0890
7.2491
4.2234
5.9454
6.0428
4.8337
4.6774
4.5747
5.7049
5.3075
6.0599
5.5623
5.3500
5.4382
5.7185
4.6757
4.9258
5.2284
6.2278
6.3465
4.5253
6.5484
6.5101
5.1144
5.1679
4.6876
5.2195
4.4294
4.2439
4.6153
5.9575
5.1501
4.6326
4.4563
4.7394
4.6150
6.2663
5.2466
5.8911
5.4707
6.0640
6.1177
5.5881
4.6653
4.5009
114.6849
115.7528
15.5951
16.2109
17.6290
18.7819
18.7788
18.7683
18.7593
18.7501
19.9736
19.9749
19.9664
19.9574
19.9478
19.9377
19.9285
20.6765
20.7023
20.9593
20.6817
20.6584
22.5027
24.4959
24.4389
24.4554
24.4720
25.4197
26.0637
26.3802
27.7534
18.7911
17.6949
29.3847
29.8767
22.3743
16.9285
18.3443
14.3209
26.0511
29.3201
14.2911
11.6344
20.5257
8.1747
7.6457
13.0789
5.4044
5.2819
4.8232
5.0412
4.4693
8.2698
5.0923
5.8638
4.3330
5.5714
5.3124
5.3924
7.2748
5.6495
4.4267
6.3606
4.4966
8.1706
5.5755
5.8499
5.2404
5.6230
4.4097
6.3481
4.4978
4.9257
4.7681
4.5323
4.7815
4.1715
4.1318
5.4778
4.7922
4.1826
5.3249
6.8222
9.0812
5.0417
5.8419
5.9439
6.0569
4.9052
5.6732
5.3609
5.0232
5.4077
4.9887
5.3102
5.1570
6.2842
9.5614
4.4830
3.8903
4.5747
4.6830
5.8895
5.4263
4.5621
6.3675
5.0483
5.0339
5.1208
4.6908
6.6178
4.9472
4.6681
9.0836
5.5071
4.7604
5.4315
6.0634
5.4691
4.9277
5.4241
5.4221
4.8947
6.4697
4.9467
7.4685
11.9801
15.1811
4.9837
5.5790
5.5936
6.3392
6.3405
4.9119
4.7025
5.5342
6.2391
4.7151
4.8004
4.7369
4.9495
4.6670
5.4013
5.4714
5.8738
5.0366
5.6550
5.5013
5.8530
6.2266
5.4521
4.2974
5.1961
5.1300
4.9807
5.5874
4.8023
4.7965
5.6695
4.9295
4.7361
4.7315
4.5130
5.2813
4.2640
6.1566
5.2245
5.0100
4.5119
5.7425
4.4488
4.8196
5.8509
4.7020
5.6668
5.5436
4.8114
5.2368
5.0438
5.1326
5.0479
5.7944
4.8714
6.3327
6.7131
5.4494
5.4094
7.3397
5.1735
5.8533
4.5221
7.9989
3.9757
6.1718
5.9641
6.1020
5.6116
5.8604
5.3737
6.2267
5.7461
4.3043
4.8078
5.2521
4.9880
5.1087
4.3918
5.2256
5.7224
5.7496
5.0552
4.1498
4.5977
5.5428
5.9147
4.4330
5.9353
4.5088
4.7427
5.2199
3.8224
5.7623
4.8898
4.7933
5.7250
4.5257
4.4930
4.8668
4.4208
4.6736
3.9222
3.9721
5.4911
8.1310
5.4324
4.9199
4.8804
4.0928
3.0054
4.5084
3.7575
5.1396
4.8737
4.5736
3.9333
5.4543
4.9478
4.5960
4.5227
3.2228
6.0455
5.2322
5.1768
3.6789
4.3771
4.5963
3.9034
4.4554
3.6958
3.6353
6.0174
7.4980
5.4570
5.5255
5.3462
5.2876
5.6973
5.0486
5.0016
4.8770
4.3730
5.4945
5.3257
4.9092
4.7891
5.3345
4.2711
6.0029
4.5719
5.5373
5.3038
4.9524
5.7514
4.6806
6.2010
5.4527
5.5148
4.8265
5.2165
3.9958
5.1685
4.0393
5.6296
4.5077
4.5169
3.4588
3.0987
4.9129
4.6738
4.7145
3.9643
5.0548
4.8622
5.4381
8.5932
5.2294
5.3887
4.9046
3.8001
4.7312
5.0640
4.9476
5.4364
5.1412
5.9624
4.7025
4.0818
3.9940
5.2675
5.0509
4.9501
4.1723
3.9370
4.3543
4.4094
4.6580
4.6355
3.2412
4.2827
3.7142
5.0026
8.1016
3.6971
3.7379
4.7059
3.7363
5.1208
4.1822
4.0641
5.1006
4.6214
5.2690
3.8471
5.1337
5.3177
5.5289
3.8206
4.3947
4.7518
6.1969
4.4718
5.1980
5.1837
4.0447
3.9800
5.4529
4.9944
5.5092
5.5264
5.5165
4.8782
5.1959
4.0208
5.0030
5.6345
4.6770
4.9273
4.6250
4.8202
4.2377
5.4781
5.3438
4.0545
4.5258
3.6012
4.5629
4.7536
4.7015
4.6943
3.3328
4.1748
4.5546
4.5921
9.1625
11.3027
6.9933
11.8409
11.8458
13.3344
13.3654
12.2140
11.6613
8.9246
11.8068
9.3837
7.5182
7.3298
6.0574
6.0191
6.0108
5.5010
5.1423
5.3172
7.1061
5.7425
4.7714
5.0905
4.9877
6.1680
6.1671
6.7194
3.9517
5.1086
5.8029
5.0744
3.9700
6.3941
5.0023
6.2828
5.0969
6.0450
5.0635
3.9024
5.1936
8.4586
5.0425
4.5762
4.9573
4.8266
5.3436
6.5144
5.8040
6.8759
5.9014
6.1481
5.8392
5.9112
6.4015
5.9740
5.4944
6.0597
5.0602
3.6720
5.1028
5.0634
5.4399
6.3961
5.4273
4.9348
5.9430
5.1799
4.8340
4.8882
3.5387
5.5025
4.6077
5.0101
5.2232
4.9034
4.8139
5.3017
4.6729
5.2340
5.5973
3.9123
6.0834
6.2181
4.7884
4.2263
4.0943
4.0066
4.2242
5.5306
6.3869
5.7698
5.4194
5.2781
5.1836
3.7728
4.7228
6.0085
3.8798
5.0043
4.9851
4.8681
4.5941
4.4692
4.0577
4.8455
4.3998
4.7958
5.3563
5.3378
5.2673
4.6175
5.0227
4.5800
4.7171
5.0897
4.9521
5.5422
5.5192
6.4283
5.8438
7.9076
5.7762
4.3847
4.5177
4.5179
5.8195
5.7058
6.1947
4.2315
4.2385
5.0668
5.6146
4.9642
4.9326
3.7812
4.9651
4.9159
4.8171
5.3107
5.2244
4.5578
5.1005
4.5345
4.4601
3.9739
4.2831
5.2438
5.0233
4.9132
4.4577
7.0865
4.1338
4.9535
4.9090
4.7601
4.7416
4.7475
4.9000
4.8646
4.2656
3.2803
4.6299
4.0171
4.7698
5.1656
5.0538
3.6952
4.6749
5.1851
4.8107
4.3821
3.8426
4.1160
3.7821
4.5491
5.6627
4.8654
4.7403
5.4400
4.2259
4.2137
4.8911
4.9948
3.5104
4.6016
4.3784
3.3754
4.3648
4.5705
4.3089
4.0724
5.4694
4.4132
4.3525
5.8100
11.2172
11.6428
11.1248
4.1515
4.2056
6.1774
3.7728
4.7686
5.3030
5.4484
4.4050
5.7107
4.3047
4.9785
5.2257
5.2407
17.2511
20.3814
20.3284
20.3924
19.6070
2.8969
5.0486
5.0635
5.2745
5.6359
3.5760
6.9891
7.3925
7.3585
3.9725
4.4368
3.3572
5.0947
4.7005
8.4805
6.5297
6.5958
9.1736
8.9719
8.4530
8.0225
7.8254
7.4856
7.5638
7.4888
5.4024
5.3773
6.3313
7.4428
4.7085
4.6287
7.6418
5.2834
5.8363
4.8440
4.7950
6.1383
5.2373
5.3145
6.0130
6.0132
5.1503
5.3425
4.2991
5.4725
7.0721
7.1402
5.2138
4.9834
4.1894
10.9346
4.7970
4.7588
4.7347
4.6730
5.7745
5.7220
6.1524
4.4155
5.6578
6.6086
8.6166
5.1830
4.9254
5.3221
5.0713
4.5233
6.1747
6.0890
4.7555
5.1020
6.1443
5.0385
4.8180
5.5260
4.9614
5.4838
6.0794
4.4960
5.0494
7.5571
5.4796
5.3469
6.8068
6.7607
5.5545
5.4898
4.3908
4.5689
5.7785
5.7161
5.2736
5.4862
5.2301
5.2325
5.1216
6.2254
6.3075
5.9269
6.1495
5.3831
6.0240
4.7164
5.5037
3.0576
4.9159
3.6703
5.1520
5.6760
4.2497
4.5730
4.9408
4.7183
5.0329
4.9236
5.3201
5.7962
5.6823
4.1804
4.5442
6.1961
5.4523
5.9073
5.1489
4.8850
5.2322
6.1403
4.9957
5.7264
4.4983
5.2059
4.6849
6.0884
5.9939
4.4414
4.4601
5.0071
5.9968
6.1929
5.1497
4.6495
5.2131
5.4959
4.9798
4.5180
4.4913
4.1053
5.4828
5.5455
4.5367
5.8034
4.4146
4.9426
3.6143
5.1127
4.8805
4.3211
4.8735
4.8681
6.2982
6.3808
5.4885
5.4048
4.3030
4.7630
4.7224
4.6842
4.7201
4.5659
5.3095
4.1115
5.2021
4.3523
4.4301
5.4449
3.2617
5.1651
4.6449
5.9621
4.2356
4.9637
5.1030
4.7081
4.6335
5.0200
5.2918
5.1952
8.6146
4.2295
4.8055
4.7994
5.6364
5.5855
4.9673
4.2443
6.2165
5.8016
5.7708
5.9450
5.8285
3.9001
5.1342
4.5135
4.1272
4.9957
5.3851
4.7384
4.5275
4.1384
4.3676
4.4692
4.8530
4.5660
5.2004
4.3952
6.0816
5.6970
4.9661
9.5307
6.9208
4.5433
6.0724
4.4180
4.9931
4.6617
4.3030
5.8294
4.9789
5.1252
3.4882
5.6862
5.2461
5.6488
5.6555
4.7652
7.6920
9.1200
5.4404
4.8087
4.9870
4.4808
4.2294
4.5695
4.2240
4.9319
5.5496
5.5889
5.8114
4.7804
4.5645
5.1187
4.0476
3.7415
5.1110
4.7253
4.9487
5.4642
7.3642
5.1568
5.0933
8.4090
4.7589
5.9044
5.8021
4.4492
5.5115
5.9907
4.9907
5.1575
4.6158
5.4074
5.1665
5.0649
5.1688
4.9736
4.5092
6.1589
5.4086
5.3999
4.9448
4.9289
6.4660
5.2248
5.3671
7.6774
6.9223
5.7598
5.7445
4.5659
5.2772
5.4067
5.2336
4.8730
4.8113
5.2336
5.1625
5.9649
6.1045
8.0618
5.1429
4.8221
4.5066
5.5691
5.2284
5.3083
5.0857
4.6711
5.6035
5.4559
4.1293
4.8707
5.0689
5.4526
4.6463
4.6312
3.9244
4.3097
4.4504
5.4350
5.7080
5.8199
5.4092
6.3359
4.3589
4.5090
4.4936
5.2597
5.1081
4.8943
5.2129
3.7898
5.4816
4.0064
4.2734
3.6440
5.1159
4.9392
4.5924
4.0171
4.2407
4.0863
6.0032
4.3774
6.3075
6.7786
4.7763
5.7136
5.2297
4.6991
5.1046
4.9820
8.1662
4.7180
5.1769
4.1781
3.8845
4.5454
4.9600
4.8258
4.9613
5.4288
5.7745
4.5101
6.1416
6.1391
5.4546
4.4974
4.6821
4.3206
3.4992
4.5423
4.9176
5.6323
3.7653
5.2602
5.3335
4.7723
4.8235
7.4034
4.2508
4.4225
4.3025
4.5332
3.4958
4.6019
4.0168
3.7628
4.6816
4.7174
3.9889
3.4958
3.6788
3.8299
3.9363
4.9915
5.6057
5.9112
4.8688
3.1491
4.3818
5.0872
6.0343
4.7710
5.5434
5.2527
5.0530
5.7083
4.8162
4.2071
6.1365
5.2487
5.2166
9.2661
8.5918
4.2793
5.2076
5.8300
5.9242
5.5668
5.1295
5.0750
5.7667
4.6544
4.3769
5.1419
5.3051
5.9778
5.0546
4.8973
4.7816
4.2944
5.6314
5.5022
5.6936
5.6718
5.7381
5.0051
5.7436
4.4625
4.6811
4.8962
6.4741
5.4821
7.4024
5.8243
5.9672
5.9341
4.7016
4.4963
5.6365
5.1918
5.9003
5.0806
5.6561
5.1436
4.5126
8.1100
4.4209
4.6636
4.4428
7.5627
6.2542
7.6520
7.4878
7.6928
7.6936
7.9751
7.8078
8.4921
7.5329
7.1378
5.2050
7.8622
5.7002
4.8397
4.6393
5.8861
4.9059
6.2591
5.2808
4.9920
5.6358
4.3641
5.5283
4.6736
4.3740
4.9541
5.1363
4.4557
4.4936
8.1054
5.0277
4.6050
5.3277
6.4966
5.1591
4.6391
5.5638
5.4329
5.7005
4.5725
4.6396
4.2214
5.3843
4.9705
5.5039
5.4809
4.7977
5.3636
4.9234
5.2375
5.2023
4.7587
9.2700
5.9707
5.9375
5.2741
4.6063
5.6687
4.2856
4.3732
6.9078
6.7840
5.4083
5.6056
4.5124
5.0651
4.0961
4.7608
4.1359
6.4983
6.3250
4.8035
3.1306
6.1565
6.2403
5.3770
5.1732
5.3948
8.5073
4.0994
5.0959
4.3244
5.8019
7.2564
7.1346
8.9851
10.2152
11.2032
9.5923
9.4066
9.8168
7.1496
7.1724
8.1585
7.3639
7.8850
5.2683
4.8515
6.8733
6.5849
5.9034
4.6913
5.6128
4.3067
6.4716
5.7161
4.9324
5.2997
6.0806
5.1199
5.0383
5.5713
4.9852
5.8721
5.7018
5.8704
5.1820
5.3991
4.6618
5.5924
5.3840
5.2366
4.9931
8.6936
5.0667
5.3511
5.6126
5.4697
6.1412
4.9445
6.6053
6.7380
5.2563
5.6721
4.1562
4.2135
4.9156
5.5159
4.2027
4.6929
3.9146
5.3322
5.2825
5.7399
5.5965
4.9675
4.7624
4.2045
4.9040
4.2775
5.2044
4.4487
5.0214
5.5121
3.8856
5.7150
4.8874
8.8783
4.5370
4.9811
4.7758
5.4554
5.0668
4.9255
4.8817
6.0315
5.8668
5.8971
4.9518
4.8762
4.1086
5.9220
4.6395
5.7866
5.9273
4.4734
4.9532
5.1192
3.9663
5.4565
4.3822
3.6072
6.0299
4.6667
4.6220
5.4488
4.7519
4.8253
4.5445
5.2561
3.9590
3.3098
5.2104
4.5591
4.3809
4.2977
3.8465
4.8011
3.5708
3.8704
4.7244
4.6473
5.8361
4.7837
4.8642
4.7191
4.8720
4.9308
4.9240
4.8165
5.0958
4.7013
4.4436
4.6135
4.3374
5.2706
4.5276
5.1946
4.1176
4.2274
4.4884
5.0870
4.7913
4.8340
5.6139
5.7009
6.3444
4.3609
5.9132
6.1574
4.3199
5.3357
5.3953
4.6690
4.9030
5.8956
3.7951
3.9931
5.1225
5.2826
4.2813
3.6520
4.6024
4.4167
5.6004
4.4754
4.7930
4.0068
3.8629
6.3402
3.9704
4.5688
4.5710
5.0862
5.2590
4.9402
4.7505
3.7323
4.5028
4.7229
4.9502
5.0120
5.4488
4.3345
4.5290
4.5157
6.5815
5.7029
4.6363
4.0978
4.1026
4.6795
5.2520
5.5375
8.5635
3.8438
5.5504
4.5970
6.2014
4.8301
5.0026
5.1412
4.3357
4.6191
4.7838
4.6689
5.0854
4.7826
4.7695
4.9260
6.0812
4.9961
4.6981
7.8723
5.1677
5.0868
3.8112
5.8536
6.4803
4.1361
4.7310
4.7180
4.6906
4.2415
3.9587
4.8939
5.1227
4.4960
4.0411
4.8923
4.9263
4.5783
4.0584
7.2773
4.6449
4.6352
5.4752
4.2367
4.9742
4.1414
3.5953
4.4223
4.6026
4.9607
4.5258
3.3119
4.6697
4.3212
4.8033
4.9255
4.0739
4.7731
4.8549
4.5593
4.6342
5.8672
4.9851
4.3645
5.0910
8.3121
4.8272
5.3996
5.9203
6.4880
5.5187
4.2881
4.3909
5.0338
6.3672
5.6292
5.6104
6.1261
11.3440
6.2170
6.2721
6.2209
5.4666
6.4738
6.3485
4.5402
5.9322
4.8681
4.0267
4.3607
4.9152
4.9968
7.5227
4.5816
4.7319
4.8776
4.8246
4.5695
3.7009
5.0837
4.3831
5.7999
4.9068
3.8487
5.1627
5.8706
5.1925
4.8010
5.0556
4.6951
4.5292
4.6938
5.1344
5.3998
7.6131
5.0164
5.8269
4.8660
4.7037
4.9317
5.5735
4.5111
6.8030
4.7849
5.0469
6.1755
4.4724
5.3127
5.8652
5.4986
5.4331
6.0262
6.2672
5.1716
4.3148
5.3565
4.8353
5.3418
5.5941
5.5570
5.5309
5.0115
5.5029
4.9091
5.0854
6.4557
5.0652
5.2309
5.8072
5.0550
5.9066
5.3636
4.9861
4.4086
4.4974
4.2100
5.1938
6.5805
5.7989
5.1805
5.1561
5.7327
5.1884
4.3476
4.5892
4.9916
4.6573
6.7722
4.9467
5.8035
5.9267
5.5739
5.4432
4.7501
5.3778
6.3825
5.7430
6.0462
4.7211
5.6212
5.0433
5.2990
5.2259
3.9740
5.7315
4.7643
5.6351
5.4384
5.7093
5.5738
4.4751
5.3627
4.9175
5.7016
5.1994
4.5689
4.5086
4.5926
5.6885
6.2260
5.5231
5.2561
5.2237
4.0673
4.7969
4.5493
3.8281
4.9055
4.8774
5.1088
6.1813
5.8757
4.4878
5.0420
4.4857
6.2540
4.8061
5.4170
5.1252
5.3636
4.2482
4.7570
6.3248
4.3430
5.0438
4.3763
5.4541
5.7701
8.1163
4.6842
4.8491
4.7678
4.7299
4.6641
5.4392
5.6504
4.9584
4.6017
5.6075
4.6511
5.0451
5.3062
4.6850
5.3593
4.4430
5.3037
5.4615
4.6708
3.8713
4.9238
6.4145
6.4744
5.0161
5.7706
4.1075
4.5659
4.5629
4.6901
4.7486
5.1082
5.0254
5.0018
5.4409
5.0447
7.7288
7.3461
7.2702
5.4487
6.5742
5.6903
5.1485
4.9136
4.2404
5.1806
7.8311
4.9246
5.4191
4.9155
5.2939
5.4034
3.7297
4.0527
5.2595
5.5032
8.2583
4.5512
5.2615
4.8106
6.5624
4.8131
8.6278
4.1969
7.2941
3.8776
4.7121
4.0736
5.4972
4.9392
4.8402
4.7108
5.3536
5.2946
4.5944
4.5737
8.5458
4.7460
4.5382
4.0887
4.5488
4.8711
5.5329
4.6517
4.8897
4.5450
4.8606
5.9859
5.4948
4.8943
5.5060
4.4242
7.7968
4.2355
4.8142
4.7837
5.5868
5.5392
6.1471
6.1761
6.1738
6.7725
5.7430
4.8996
4.4960
5.1556
5.0727
4.2240
4.7344
4.6753
4.4007
5.6401
5.4258
5.8345
5.0505
5.2956
5.7962
4.5283
5.1265
4.4831
5.7097
5.1065
5.5770
4.7831
5.3905
5.3776
5.5208
5.2910
5.0785
6.2638
5.4431
8.2734
5.9578
5.8152
5.8419
7.0969
7.0292
4.8216
5.3706
4.6552
5.9942
5.7924
5.9977
5.3002
5.0039
5.6863
6.0740
6.8338
5.9138
5.7955
5.6211
5.7244
5.1862
6.3154
6.4395
6.3237
4.7741
6.9981
4.7315
9.1196
5.3124
4.5837
5.1776
6.3505
6.2140
5.1076
6.6907
5.0775
5.2122
4.5072
3.6835
5.0204
5.9010
5.2686
5.7812
5.3788
6.5005
7.8590
4.9690
5.1167
5.1394
6.2713
5.2096
5.8757
6.3131
5.3245
5.9626
4.8828
5.4309
5.5328
6.3169
6.2652
5.1119
5.5139
5.4982
6.1886
5.6155
4.5832
5.4946
5.6203
5.5957
5.2218
5.4066
5.3510
6.0843
5.5507
5.5274
5.7673
5.6610
5.6038
4.9772
4.3580
5.1412
4.9750
5.3194
5.3007
5.3500
4.5260
4.8699
5.6559
4.5740
4.9980
4.4376
5.0303
4.7203
4.9723
5.2985
5.5961
5.7817
9.6808
9.7413
10.2838
9.2015
6.3773
6.4204
6.7555
7.1655
7.1633
5.1264
6.9905
5.4960
5.4211
5.5068
5.2842
5.3907
4.4735
6.1490
6.3256
6.4657
4.9756
5.9277
4.3432
7.5909
6.2476
4.4946
6.1923
9.8055
8.5540
8.3084
9.1024
6.1071
4.6877
4.7918
5.9345
5.3273
6.3863
4.8348
5.2288
5.7013
5.6491
4.8139
5.2379
4.2299
5.2133
6.9758
6.8499
7.0851
4.6374
7.1040
5.2700
5.8650
5.7927
4.9144
5.1126
5.0593
4.9707
6.1840
5.0678
4.5501
5.6027
4.6958
5.1761
6.0127
5.0940
3.6461
4.4041
7.2167
7.1081
7.0966
4.9677
6.6377
6.3596
5.4676
5.3155
4.9109
5.4743
5.4247
5.4361
4.5369
4.6073
5.6436
4.4565
5.3389
4.8560
4.4656
5.2915
4.9943
4.3409
5.1750
6.3898
4.7589
6.1998
5.4461
6.4789
5.4224
6.1232
6.1779
5.2759
6.4662
5.5380
4.8305
5.5899
5.7209
5.0863
5.6526
3.7038
4.3691
4.3468
3.0469
4.9064
5.6811
4.9547
4.7669
5.9386
5.2329
5.1943
5.7641
5.7119
5.6599
6.2783
5.2855
6.2884
5.8744
4.7161
6.1797
4.6790
6.3696
6.5150
5.8816
5.7370
6.0715
5.2815
4.6003
4.3841
6.3748
4.6520
5.0269
4.3086
5.2169
6.1106
5.1912
5.2359
4.7816
3.9128
3.8061
5.1678
5.0003
5.1249
3.9760
3.6484
4.9267
6.8221
6.0224
4.2574
6.1598
4.3146
9.2246
4.2186
4.8338
5.1834
4.3300
5.2901
4.9819
5.4820
4.9094
5.7513
5.3883
5.3504
4.1316
4.4135
5.7808
5.0737
6.4893
6.2427
5.5549
5.4460
5.9848
6.0399
4.5047
5.4937
5.8844
7.1216
5.2302
6.0558
6.0909
5.4793
6.7061
4.6493
6.9458
5.9759
5.4997
5.2329
5.8361
5.0110
5.6072
8.2860
6.1051
5.2091
7.3146
7.3132
9.0040
4.8877
7.9545
10.6942
10.4324
10.3797
10.4008
9.4606
7.3020
12.5257
7.1633
6.3489
6.3233
7.2067
6.4709
5.8792
5.7505
4.5446
5.4075
5.0831
5.5028
5.1620
6.3869
6.2596
4.4795
5.5929
5.5257
6.1582
4.7885
5.2890
5.1556
5.0412
5.1318
4.7580
4.6571
4.5479
4.6766
4.6593
8.7460
4.6550
5.7582
5.3215
4.7922
3.5364
5.4721
5.1380
5.1613
4.8432
5.1355
5.5104
5.5725
5.4731
6.1086
5.4148
4.7544
7.2076
5.0592
6.0400
4.7639
5.5670
5.6479
4.9065
5.3582
5.3063
4.3548
4.3391
6.2745
6.4623
6.5307
5.1200
5.5556
4.8284
4.9794
5.7164
5.8044
6.5345
3.7622
6.9891
5.2266
4.7813
4.2268
6.0687
4.9750
6.1684
5.5575
4.8696
3.8023
4.7301
3.7078
4.4185
4.0831
4.6161
4.6161
4.4516
4.4830
9.5423
3.5360
3.7856
3.6941
4.4940
3.6493
4.3903
4.2964
4.6630
4.6648
5.1426
4.5976
4.8840
4.9436
4.9905
4.4491
4.6792
5.3386
4.5895
4.9675
5.0907
5.0398
5.0159
4.6655
5.7659
4.6108
4.8988
4.5403
5.4825
4.7613
4.9954
5.4203
5.7422
4.7203
5.4741
3.9680
6.1881
5.1570
4.4738
5.3137
5.4955
4.4646
5.6150
5.2218
4.6997
4.6429
4.6599
4.6205
5.4560
4.8132
6.0273
4.6066
7.0763
4.4025
5.9061
5.7773
5.0771
5.1237
5.1030
5.9317
5.1756
3.9208
5.7667
6.5764
5.5471
6.3116
5.6553
5.4649
6.6536
5.3019
7.9372
6.8844
5.7148
4.5923
4.6484
4.2946
5.1894
4.5453
4.5659
4.9983
4.9442
5.8069
4.5538
5.4103
19.5580
5.1496
6.0076
6.0266
6.0431
7.0304
8.4135
8.7612
8.9360
9.6511
10.7076
10.9118
11.0264
11.3400
9.9244
5.0169
5.1451
4.9721
5.3420
4.0055
5.7257
5.4915
5.1555
4.3525
4.4926
4.5985
5.9091
6.2580
4.5041
4.7579
4.8155
3.7800
4.8004
5.6931
4.8100
5.6325
5.9119
4.8916
5.1599
4.2132
5.0702
4.5780
4.4784
3.9201
4.8259
4.3541
4.7263
3.2618
3.6133
5.0555
6.5965
6.4323
8.3507
7.4348
7.7098
8.2710
7.0793
7.5007
8.8566
7.9685
7.5951
6.1844
7.2266
11.7578
8.9086
11.1081
11.9465
7.1455
7.8816
7.5437
37.9722
38.1648
11.7035
12.8882
12.8900
14.1015
14.1058
18.8214
18.9121
18.8456
25.6045
25.7286
26.5323
26.5720
26.5678
26.5510
26.6624
29.4758
29.9897
22.9659
32.4286
24.3647
24.3407
25.1311
27.0512
22.7654
21.2804
24.1387
21.5886
21.6447
23.9520
17.4592
7.6681
15.5941
22.8289
10.0780
5.1969
10.3869
6.3766
5.3460
6.2290
7.4617
5.5488
7.3259
7.4707
7.1917
8.0769
7.1122
8.8015
5.0608
6.2527
7.4363
7.8894
6.9341
6.1076
6.7557
5.2222
5.7776
5.6115
5.5835
5.8207
7.4467
7.2803
7.5569
9.6062
8.2239
8.6519
9.2927
6.5244
7.5932
7.8422
6.1889
6.7239
7.2175
8.6951
8.1343
8.4153
8.4162
8.4743
6.6194
9.1023
9.6948
7.5003
7.4430
7.7266
9.4011
9.0835
10.1353
7.0417
12.3661
11.8521
10.4189
9.4378
8.2484
8.0742
9.4337
9.4775
9.4767
12.8434
12.8834
12.8785
12.8616
11.4298
10.1225
12.4753
11.1225
7.9369
7.2262
5.8956
5.7381
6.2188
7.2811
8.1219
7.1184
7.1595
10.2221
6.9583
6.9987
8.0738
7.4545
6.0544
6.0580
6.1094
6.8925
5.1093
6.6580
6.7043
8.1891
12.5646
9.3630
13.4751
7.6300
8.0955
7.3193
8.0387
7.1055
7.4529
6.6962
6.6588
6.2014
5.9581
5.0951
36.7046
36.1569
36.1314
10.6660
13.3218
13.3692
13.3595
16.5228
16.5992
16.5962
16.5924
16.5770
17.2506
17.2210
20.5740
22.9019
26.8608
26.8742
24.7207
29.2573
31.4770
33.1937
32.2023
28.9258
28.3916
26.2468
28.3476
32.8602
31.8561
30.4719
28.5268
33.4408
27.8164
26.4481
27.7780
22.3208
18.4651
18.4554
17.3970
17.1112
26.7488
25.9658
23.8838
15.4431
17.4480
15.5353
13.2170
9.9905
6.7436
5.8036
5.8906
7.2920
10.2552
5.3990
5.7154
5.3932
6.8181
7.4572
8.4577
8.2323
9.1568
9.2244
7.6265
8.3137
10.0532
8.7804
9.5823
8.1016
9.0098
8.0690
8.6465
9.8747
5.1262
7.5303
6.3198
10.3904
6.0745
6.3047
6.1271
12.0917
11.9380
8.9011
9.6415
9.1199
8.9463
8.8229
8.4585
7.4027
10.2816
7.2400
7.7349
8.6529
10.1196
7.9074
6.1952
6.4021
6.6736
6.7804
8.0784
7.3941
8.1680
5.4949
5.4844
5.5741
5.6539
5.3434
5.9016
7.0928
7.0022
7.0178
6.4078
7.7678
6.7422
7.4578
7.1559
7.2712
5.6014
7.2799
6.8256
5.5568
6.9858
10.7781
7.1213
5.7181
7.6899
6.8017
7.4136
6.0303
6.8122
7.3366
9.1735
7.0748
7.8769
10.6502
10.0769
11.1721
8.0143
9.2961
7.0325
7.7770
8.0832
7.9205
6.7559
7.8465
7.2472
7.7492
7.4596
8.2453
7.9552
8.1406
9.0792
7.3782
7.7303
8.2447
7.5915
8.8285
8.8165
12.8677
8.3600
6.0949
9.1326
5.7877
6.9378
7.2059
7.7676
7.3458
7.7177
8.6552
5.4355
5.8990
4.9601
5.1780
4.8821
5.6645
4.7154
5.2280
4.5565
5.2000
4.8250
5.0641
5.0790
5.0324
4.8391
5.4541
5.0066
5.6308
5.5500
5.4459
4.5747
5.1512
4.5423
4.8077
4.4225
4.9288
6.1745
9.3786
8.4868
8.3979
8.8355
8.8775
7.4575
8.6881
9.6513
7.6835
8.6886
6.9370
6.6810
7.2030
7.6104
8.9492
8.4955
6.8157
6.3108
7.0541
9.4446
6.4163
6.2774
7.7695
7.4692
7.3629
7.7646
7.0719
5.5502
7.7922
8.4508
5.7757
6.8584
6.3663
6.5821
7.8630
9.1654
9.1652
9.2285
7.4324
6.2612
7.0482
7.0191
7.4071
7.2597
8.1839
8.1481
5.7811
5.3945
6.7240
6.2012
6.1885
6.8420
6.1060
6.7217
7.0739
6.9885
7.8369
7.5845
6.5505
9.2599
9.1035
8.5184
14.3105
7.1978
6.8956
10.0644
9.9110
8.0707
10.9173
9.4133
8.1317
8.9754
9.8400
6.3765
5.1102
6.2390
7.1743
6.7993
8.3291
7.4554
6.2326
9.1389
8.2395
6.9412
6.5067
7.6947
8.7517
6.1172
6.3479
9.8382
11.6691
8.6378
8.6644
8.7247
7.9929
9.2191
8.9149
7.3926
8.7058
9.0150
6.1771
8.8243
7.3029
6.7106
5.2034
6.2405
5.6335
5.9560
5.9623
6.8889
6.8934
8.2448
7.4016
6.9085
5.8683
5.9019
5.8003
6.0183
7.9874
6.0488
6.8394
6.9619
6.4568
8.0865
9.8819
6.9405
7.3078
7.0928
7.4586
5.9656
6.4897
5.8512
5.7959
4.9539
6.9286
4.7840
5.7258
4.7861
4.6779
4.5175
5.8220
4.9786
3.5815
5.0960
4.8503
4.5984
5.2931
5.7919
4.9770
5.0852
5.4798
6.0452
3.8822
4.3929
5.1945
4.9647
5.7061
5.9281
5.5525
4.7961
6.0979
6.0593
6.7739
6.8768
6.8458
7.2476
5.8352
5.3704
6.3853
5.1505
6.0552
4.6455
4.4658
4.8675
4.6156
4.6425
5.1394
6.9012
3.5723
3.9970
4.1339
3.3630
4.5829
3.9173
4.3798
4.4968
4.5826
4.7529
4.5757
3.1963
4.3216
4.4024
7.7173
7.9151
6.6289
6.7713
9.0553
7.6643
6.7082
6.8198
7.4098
6.9349
7.0155
6.9021
5.3690
5.0909
6.4053
5.1103
5.5378
5.5905
4.6027
5.3347
3.7808
3.4520
4.4422
4.4436
4.1633
3.9609
4.3089
4.8903
4.0678
4.6994
4.2885
6.9871
7.7219
7.1272
7.4878
5.7884
5.7884
7.9384
4.9997
5.6921
4.1655
5.9697
7.9747
10.6924
10.4883
10.5280
10.1968
8.9235
10.0693
11.4601
8.7099
6.9449
8.3336
8.6436
11.0325
10.3232
8.7707
6.2611
6.4159
6.2023
6.1502
5.6494
6.4002
4.5986
5.0725
5.7060
7.1773
7.1712
5.1565
6.1190
6.1001
5.4710
5.3833
5.1746
4.4217
4.9032
4.8651
6.7094
5.9887
5.8073
6.9100
5.9011
7.8410
5.6005
4.7066
5.3842
5.9652
4.7130
5.0565
5.2040
4.7164
4.6412
5.2413
5.2576
5.2223
4.6683
7.1681
7.5422
6.2550
7.4441
5.9167
5.8747
5.7011
5.6686
5.7793
4.7803
5.8288
5.3989
6.3390
6.7834
6.3794
5.9937
6.2230
6.1913
5.4532
5.4343
4.0036
5.5330
4.5641
5.1405
5.3300
5.3666
4.8136
4.1406
4.6741
5.5828
3.4028
4.5839
4.3161
4.7804
4.1605
4.4765
4.6387
5.1448
4.3423
4.3263
4.2618
5.2209
4.4620
4.9932
4.1741
4.0905
5.5878
5.1255
4.4457
4.3366
5.4676
4.1363
4.0320
3.9826
5.3879
4.5459
6.1952
6.5161
5.8753
8.2502
6.9405
7.1009
5.7049
5.1744
5.7095
5.8608
5.4403
4.1263
8.1552
6.5415
6.0844
5.2659
4.6673
5.1603
5.3353
4.5074
5.0813
5.1543
5.7732
5.3210
5.3977
4.6929
4.9199
4.7154
3.8242
5.2940
5.1078
7.6970
5.4726
6.8047
7.2779
5.6319
8.6727
9.3159
7.9147
10.1892
7.1286
6.4881
7.0290
7.1498
7.2886
7.6170
8.2353
6.0976
5.6006
5.0473
5.0696
4.7089
5.9525
4.7988
4.3272
7.5297
4.8767
4.5014
4.7352
4.4464
3.9265
4.0540
4.3453
4.8378
3.8226
4.0582
4.8047
4.7835
5.2730
5.2603
4.4590
3.9055
4.9075
4.8792
4.8636
4.1610
4.5799
5.2050
3.7529
4.7578
4.4136
4.9799
5.5350
5.1271
4.9824
4.4253
6.3049
5.3169
4.6177
5.4556
8.9016
6.3925
6.4503
5.0341
5.6980
5.0256
6.5015
6.2465
4.7219
6.2065
4.8938
6.1334
5.8536
6.1362
5.1132
4.7782
5.8064
4.8146
4.9565
4.8741
6.2015
5.0329
5.6589
5.4777
5.5952
5.6723
5.8777
5.3698
6.0943
6.2313
5.4516
5.1432
7.0551
5.9197
5.9008
5.8958
4.1641
4.7560
5.7997
5.2510
5.2647
6.5181
5.6099
6.5065
3.7189
5.6546
5.3315
6.0046
5.2770
3.8788
4.3579
4.8835
4.9035
4.8129
3.5844
4.4844
5.3250
4.9392
5.2622
4.8476
4.3082
4.8864
5.4577
5.4833
5.4529
4.9190
5.2288
5.3623
5.0798
4.5023
3.8290
5.3901
5.2961
4.5038
6.2631
5.0035
6.7963
5.9260
4.0678
5.5905
4.5183
8.2454
5.3284
5.2004
4.4459
4.9785
5.1201
6.1748
5.2918
4.9356
5.8741
4.8126
4.9089
6.6098
4.5792
5.3557
5.6339
6.0162
7.1049
7.1949
5.1874
5.3028
4.7939
5.7444
4.9954
4.5402
4.8770
4.5306
5.1514
4.5410
4.1571
5.8684
5.2127
5.0090
5.3164
4.8427
4.8705
8.1955
5.7479
5.3720
6.7431
5.0147
6.0704
6.7262
5.8829
4.7227
4.5566
6.3521
5.5763
5.4734
4.8222
4.4658
6.9849
5.4124
5.0120
4.5862
5.7251
5.4933
4.3631
4.2947
4.9269
5.7015
5.6885
4.7400
7.4150
6.9682
7.2712
5.8778
6.9311
4.8290
4.4805
5.1018
4.5337
5.7356
4.8601
6.1556
5.2487
4.5217
7.8192
4.6014
6.6590
3.9385
5.6960
5.9298
5.9068
5.4782
5.3953
6.0479
5.3244
8.5090
4.9861
5.0334
4.9222
5.0338
6.1972
4.3216
6.0530
5.8480
5.7544
5.2140
5.8623
5.9194
5.0256
4.3996
4.4733
4.9956
3.6170
4.5481
5.3590
6.1750
5.1816
5.0984
4.4185
6.2760
6.1632
5.9348
6.3763
5.1835
4.5574
4.6621
4.3987
5.8326
4.9394
5.0671
4.4783
5.0279
4.3598
4.1960
3.9681
5.2109
6.0651
4.5117
5.9752
4.8647
5.5037
5.1493
4.6418
6.5635
4.6591
4.8489
5.6557
5.2722
4.7218
5.3423
4.8385
5.6337
4.5790
4.0289
4.7750
3.8389
4.1417
6.3404
4.7246
4.5450
4.4992
4.5002
6.5195
5.7947
3.5631
5.1016
7.5925
7.6153
5.5236
6.0036
4.8243
4.0271
4.4680
8.8052
5.8254
6.0657
5.4413
6.0927
4.9090
4.9607
5.6162
4.7569
4.1579
4.6500
5.1448
4.3758
6.0086
5.0376
5.3898
8.7577
9.9978
3.9453
4.1452
7.2060
6.5522
5.8216
6.1956
5.1422
6.6582
6.6686
6.5045
6.4824
4.1497
5.3241
4.6885
4.3649
5.7271
6.2540
4.5468
5.4552
6.9328
6.8221
5.8034
5.9646
5.8507
6.4355
4.3107
5.4082
4.5235
4.9120
5.5804
5.6658
6.1871
6.8177
5.4636
6.2678
4.4162
4.9437
5.1686
5.5371
4.5445
5.4530
5.3764
4.6286
8.5691
4.9376
5.6379
5.7300
5.9264
6.5241
6.1821
5.0036
5.2389
6.3639
5.8435
5.0516
4.8533
7.3158
4.9254
4.9777
5.7645
4.7535
6.4040
6.3482
6.2070
6.3650
4.4131
5.8460
5.8378
5.1212
5.9454
7.3208
4.9183
5.9085
5.3249
4.5437
5.4130
5.3483
6.3011
6.3175
4.3330
5.4692
5.4538
3.8320
6.5434
4.7503
5.4811
3.6153
5.3268
5.8469
4.0821
5.4423
4.8174
5.3196
5.1577
5.2174
5.0567
4.9320
5.6709
6.7384
7.0717
7.1436
6.3539
4.1257
4.9693
4.9868
4.9312
3.9732
6.1709
5.5664
3.4897
6.0494
5.0657
5.2527
6.0758
4.9330
5.5651
5.2406
5.6050
5.2157
4.8706
7.3637
5.1472
4.7753
5.7544
4.9173
5.5483
5.2081
5.8600
5.0831
5.2584
4.3289
5.2735
5.8541
5.6297
5.2432
5.3756
4.3351
4.4300
3.9202
3.6867
4.7587
4.1822
4.7745
5.1618
4.9512
5.1427
4.0147
4.9583
5.4948
6.4877
7.5617
6.0799
5.3846
5.6926
4.3956
6.9890
5.4799
6.0047
6.3757
6.3617
4.8016
5.0527
6.0978
4.6714
6.3473
6.4989
6.8534
6.5356
6.4857
5.0090
8.5442
5.7335
5.6344
5.6267
5.9791
5.8805
6.0518
6.2530
5.3102
5.4594
6.0909
3.6232
4.8473
5.0056
6.3311
4.7781
4.4339
4.7611
4.9387
5.2954
5.2412
5.9592
4.1550
4.9025
6.2842
4.9172
5.5033
4.9902
4.5654
4.8904
5.3761
5.1638
5.7543
4.9503
5.1892
5.7648
5.0072
3.8095
4.6409
5.2917
5.4484
5.7170
7.3478
4.6011
5.5357
4.6755
6.1270
6.2882
6.1570
4.3540
5.0342
5.4506
5.1080
5.5540
3.9811
4.0219
6.4092
6.2961
5.2150
5.6027
5.4853
5.1703
5.9361
5.5085
4.6731
4.8781
4.4165
4.8310
5.5780
4.6953
5.0878
4.7761
4.1737
3.7140
4.5829
4.3388
5.3719
5.2088
5.7163
6.0417
5.5090
4.9186
4.7997
4.6587
4.6653
4.3634
4.2838
4.0523
6.5728
4.4018
4.7318
3.1495
5.1237
5.2573
5.3879
5.4105
8.7673
4.4526
4.9363
5.3925
5.6627
4.4640
6.4446
5.5159
4.5094
5.1026
4.5143
4.4296
5.0363
4.4788
4.7682
5.5154
5.1450
5.0354
5.5374
5.4377
4.3570
3.1737
4.9304
4.0113
4.6678
4.3372
4.3461
6.2250
4.6176
5.0040
5.4370
5.8723
4.3523
6.4581
4.8665
4.6670
5.9141
4.7121
5.7995
5.3953
6.1166
4.8333
4.8064
6.8656
7.3488
5.6778
6.2431
5.8721
5.1114
6.0627
6.1202
5.0800
4.7403
5.7772
4.5596
4.5166
5.3892
4.4218
4.7821
5.1427
4.6192
5.0380
4.6866
5.8937
4.8668
3.6007
4.6747
6.5769
3.9761
3.6829
5.0928
4.7207
3.2932
4.7066
6.4966
6.0597
5.9460
6.0281
6.6767
6.6235
5.3188
5.2162
5.0543
5.1686
8.8297
5.5876
5.5163
6.9709
8.9113
5.8352
5.4118
5.3265
5.3166
4.4288
4.7120
5.4693
4.5114
4.8861
4.1665
7.2777
4.9987
4.7353
4.4237
5.2284
4.9759
4.9678
5.1731
3.8009
4.3046
5.2060
4.1903
4.3270
5.8079
6.0264
6.5683
5.5449
6.2303
4.9720
5.0958
7.8314
4.9649
4.5585
5.3056
4.4801
3.6579
5.3444
5.9656
4.6776
7.1126
6.9890
4.4866
5.0565
5.1491
4.9653
5.4521
4.6612
4.7664
4.8014
5.1315
4.2903
4.5996
4.6206
5.9633
5.6771
4.2599
5.9709
4.4724
4.6882
5.7776
4.5048
4.1301
5.1946
5.2682
5.3293
5.3525
5.8209
5.7261
5.7997
5.1611
5.5025
5.3521
5.9981
5.3427
5.8641
4.8985
5.5236
6.0651
6.1091
5.0039
4.9729
5.3699
5.8385
4.6179
5.1647
4.7837
5.5412
5.2100
5.0544
5.9380
4.8317
5.2013
6.0618
5.8493
6.5002
5.7855
6.3698
5.7977
5.9850
6.0776
6.0820
5.2626
5.2215
6.0556
5.1104
5.4481
5.4889
4.9494
5.1974
5.6296
4.9008
4.3400
5.9430
6.1928
5.2705
4.6672
4.7517
4.8573
5.5078
4.4490
5.2009
5.0415
5.5480
4.4177
4.6552
5.0728
5.9796
4.8587
5.4773
4.1782
4.3004
5.0835
4.9166
5.9056
4.6331
5.5488
6.4234
5.2696
6.9757
6.7701
5.3361
4.2590
5.9455
5.3965
5.2958
5.1882
4.1124
5.3575
5.7585
5.2964
5.4164
4.7806
5.0030
5.0164
6.0683
4.6179
5.8289
5.7234
6.0041
6.0092
5.9706
4.6423
5.9674
5.6904
5.7856
6.5716
5.5595
4.3802
4.8358
3.5535
4.7660
5.8155
5.6884
6.2245
6.9914
7.4926
7.4369
6.1646
7.0443
6.4983
6.4573
5.4493
6.1041
6.0032
5.2665
4.8174
5.5051
4.4441
5.3807
4.4203
5.8290
6.5364
5.9545
5.5370
3.8751
5.8333
4.9188
3.4251
6.1082
5.5326
6.0562
6.1106
5.3604
4.9458
4.6531
5.3505
6.5406
8.7971
6.8455
4.6531
4.8392
5.7302
4.9515
5.3553
7.1999
7.2273
6.6688
9.7751
5.9544
5.4680
5.7284
6.7342
6.7779
8.4937
4.6655
7.8009
5.0091
5.5787
5.1455
4.9937
5.8844
5.8690
4.5320
5.8239
6.0578
5.2218
5.7707
4.3483
5.1085
6.9646
5.9452
4.7843
5.1931
4.3282
4.9695
5.0413
4.8212
10.0203
5.2088
4.9363
6.2737
4.5230
5.3942
5.3265
5.1884
4.6525
5.1191
5.2470
4.8317
5.7184
5.0468
4.7091
4.6516
6.4477
6.7239
7.6789
4.3188
5.3132
8.6962
5.3757
4.6387
7.6661
5.2021
3.8593
4.4134
4.3479
6.0383
4.5015
4.8872
3.8728
5.0377
5.1134
5.3124
5.4645
5.3482
5.7184
5.8025
5.0735
5.0805
4.7626
5.2032
4.1186
5.4261
5.8214
4.4629
5.7302
4.5828
4.6618
3.6723
4.5302
4.6579
4.9335
3.9917
5.2509
5.1610
7.6252
5.0249
5.0008
4.9655
3.8898
5.1524
4.7910
4.8567
5.6107
5.5869
5.7408
5.7122
4.2499
3.5491
4.3046
5.6881
4.6377
5.7479
6.7071
5.8273
6.7318
6.0229
4.5262
4.3538
4.5573
4.2822
5.0529
4.4474
4.4632
5.1535
4.2748
4.0403
4.9110
3.8494
5.4249
4.3244
4.5211
4.7483
4.1723
4.2276
4.0185
5.3661
4.9473
5.0935
4.6434
4.6935
5.8664
6.0075
4.6013
4.1765
5.2813
4.2038
4.8454
4.7744
4.2146
4.2762
4.7006
6.3123
5.2130
4.5270
3.6414
3.7931
4.5449
4.7167
4.7246
5.1563
4.3081
4.9405
6.7438
4.3266
4.3536
4.1227
4.7883
5.0019
4.7229
4.9819
3.7830
5.0804
3.9444
3.9787
4.4853
4.6536
4.9930
5.0745
4.4536
5.0959
5.1555
4.2699
3.7899
4.0086
3.8420
5.1978
6.6262
4.6371
5.0751
4.6294
4.7090
4.6450
4.8162
3.9808
4.3207
3.6541
4.5233
5.4195
4.8559
4.6972
4.3786
3.3974
5.1849
4.5332
4.9647
4.8895
4.4286
5.6536
4.3779
4.7793
4.8240
4.8696
3.6095
5.0994
3.7538
4.3782
4.7117
4.5175
5.0700
4.4269
4.5872
4.2448
4.1691
4.1822
4.6646
4.7161
4.8584
4.9179
4.7297
5.8705
5.9051
5.6872
5.2389
4.6970
4.6671
5.3249
4.8076
4.0846
4.4140
5.2405
4.3042
4.7892
5.5549
4.7787
6.2623
5.0465
5.2518
5.4221
6.0681
4.1294
5.3840
5.8280
6.0559
4.0934
5.0317
6.9231
5.3576
7.9238
5.2409
6.2536
5.4387
9.2273
5.7655
4.8242
4.9687
6.4581
5.3241
5.3906
4.5626
5.5352
6.4379
6.4981
5.8142
4.6243
5.1201
5.7868
4.5326
4.5321
5.5828
5.1808
5.8423
4.9053
8.4173
5.2010
4.6325
4.4878
5.5773
4.8611
4.7563
4.9088
4.4351
4.7037
4.9855
6.2841
5.5973
3.7626
5.1353
5.0536
4.7612
4.5141
4.5735
5.1209
4.8179
4.6427
4.9965
4.9780
6.2224
5.1138
3.8136
4.6577
5.1810
3.8341
5.5210
4.7171
4.7032
5.1627
5.7106
5.2203
4.6891
5.2588
5.9243
4.7655
5.5817
5.1920
5.3146
4.8569
4.5685
4.8567
4.6649
4.9105
4.7037
3.7390
5.7274
5.5595
5.6587
5.6605
5.9939
6.1680
6.3816
5.8405
5.0571
5.8006
5.6274
5.6065
5.3956
5.1213
4.2131
4.8709
5.7557
4.9011
5.3710
5.5880
4.4414
5.1148
4.3175
4.5499
5.0533
4.8613
3.8993
4.6542
5.0169
5.2067
4.7263
4.8889
5.1746
6.1103
5.5737
5.4867
6.1127
5.3476
7.8058
5.3504
5.0380
5.6395
5.5797
4.5174
4.9750
5.2638
4.0179
5.5920
4.4927
4.7425
5.2462
3.9654
5.9863
5.9744
4.7417
3.9784
3.5683
4.5812
5.0575
4.4270
5.5372
5.5425
4.0603
4.5598
4.4783
3.6553
5.8480
6.1512
7.7294
4.3376
4.6960
4.9783
5.5687
5.8678
5.7355
4.8091
4.7631
4.7141
4.4968
4.4551
4.0244
4.5700
4.8705
5.4776
4.1536
4.2811
4.8033
4.7899
3.2225
5.6762
6.0028
6.3128
4.3742
5.0943
5.8158
4.8783
5.0252
3.7722
5.8622
5.1102
3.4904
4.8120
4.4988
4.8304
4.1495
4.8993
4.2711
4.8490
4.5297
5.1205
4.7414
3.9085
3.8694
5.3842
4.9178
5.7018
4.0374
4.8380
4.7483
4.3251
4.3327
4.6816
3.8874
4.5536
7.5018
8.4993
5.0703
5.3111
5.3318
3.7372
4.9917
5.5483
5.6755
4.6797
4.3535
5.6404
4.4721
4.7693
5.0805
5.4333
5.8576
5.7407
6.8366
5.2676
5.5203
4.2843
5.3922
5.4198
5.3149
5.4139
5.7525
5.8081
5.8193
6.3505
5.7845
5.1928
5.0269
4.6647
5.9617
4.9089
5.2790
4.8189
5.2111
4.8767
5.6571
6.6856
6.9635
5.8611
5.9491
5.1354
5.0137
5.3232
3.7165
4.5406
6.2858
5.0944
5.8315
5.7880
5.3737
6.0203
6.0746
5.8942
4.7741
5.8394
4.6238
6.2407
5.2076
5.2791
5.7712
5.6481
5.6866
4.7876
6.8605
5.7198
5.3236
4.4205
4.3155
6.4511
5.6054
5.2043
4.8425
4.8509
4.5899
5.8734
5.2909
8.2834
5.0595
5.3651
5.4548
6.0270
6.1720
5.7429
5.2081
5.8293
5.0945
4.9887
4.6727
4.4234
4.3080
5.4916
5.7636
6.2927
5.3295
5.2266
5.1344
4.0601
5.6162
5.3767
5.7522
5.8143
5.4683
4.7394
5.3940
4.9669
4.4063
6.5043
5.7300
5.1889
3.8102
4.3394
5.3982
5.0448
5.4565
5.7032
5.3095
4.5125
6.0172
6.7972
4.6635
5.6442
5.9294
5.0627
4.8342
5.0008
5.8457
4.7842
5.4032
6.3636
5.7828
4.3891
5.7641
5.7635
5.8078
5.1889
5.1862
5.3028
4.4700
4.6574
4.2088
3.9971
4.7887
5.5294
4.8816
5.8921
4.8767
5.6408
4.4560
5.6936
5.5742
6.8095
6.9149
5.4691
5.4456
4.7755
5.2200
5.0502
6.9281
6.8293
5.3900
5.8511
5.8663
5.1491
5.3494
4.7528
3.4690
4.9470
4.8878
3.7628
4.4900
5.3998
7.8054
4.3236
4.9138
7.9084
4.2781
6.2329
4.7058
5.7109
4.5074
6.4339
6.1406
5.0392
4.2851
4.7075
5.5472
4.7418
5.3035
4.7316
4.4610
5.7283
5.6643
4.5282
5.3907
5.2554
3.7849
4.8192
6.1211
4.9170
4.3133
3.8956
4.2109
4.4804
4.8719
5.3233
5.3380
3.3914
7.3951
4.4692
4.6183
4.5264
5.0459
4.9200
4.8985
4.5953
4.6391
4.1831
5.2134
4.9969
4.8819
3.3413
5.2421
5.1586
5.2354
5.4760
3.8060
5.5113
9.4304
5.1712
4.7193
4.7550
5.0072
5.2665
5.2795
4.7361
5.8371
4.2509
4.5119
4.5659
5.5178
5.6173
5.8608
4.9662
4.1940
4.2215
5.0733
4.5239
4.5632
3.0868
3.9671
8.0532
4.6382
4.7177
5.5428
5.8937
4.2658
5.5587
5.4365
4.5240
5.4541
4.3299
4.5398
4.5608
5.3611
6.0506
6.0014
4.9565
4.9264
5.4449
4.5378
5.2188
5.2033
4.5063
5.2196
6.2441
5.1727
5.1323
3.9170
5.5861
3.8939
4.8515
5.0215
3.9562
4.6858
5.5005
3.2072
4.2198
5.5157
6.8815
5.2948
5.1746
5.5899
7.8153
4.6419
4.9721
6.0223
6.1197
5.4162
3.8929
4.8621
3.6188
8.3180
8.1668
6.0807
6.1180
3.9108
4.9869
5.1536
6.8667
4.8093
5.7311
7.7097
4.9378
5.4821
5.1179
5.5022
5.6075
4.8931
5.2657
4.5742
4.4739
4.0417
4.7237
4.6948
3.2724
3.9165
4.7505
4.7222
4.7782
3.6498
3.8023
4.8522
5.3466
4.1691
4.9331
3.5909
3.9494
3.9733
4.4105
3.5674
6.1654
5.4527
6.0494
5.2678
5.1262
4.7731
5.1598
5.6467
5.2864
6.1312
6.9869
4.0919
5.1937
5.7941
4.6478
5.4041
4.3386
4.4853
6.3121
5.0673
4.8460
4.8700
4.9485
5.1721
5.9241
5.9212
5.0038
5.0449
3.9917
5.3114
4.8979
4.8454
5.7923
5.4976
5.4399
4.2262
3.8670
4.7108
7.2500
5.6708
4.7870
4.5190
5.5527
5.4408
5.6699
5.6580
5.1994
3.9802
5.8112
5.2781
5.3644
5.2154
6.0927
6.0220
4.4930
5.2415
6.5702
6.4919
4.4110
5.0025
5.7447
5.0204
4.6395
4.3927
4.1600
5.6764
4.5465
6.0514
5.7418
5.2400
5.7816
5.8181
6.0379
4.4633
6.7778
4.2044
5.2314
4.4040
4.4624
5.5061
4.2561
4.9886
4.7397
5.2129
5.7890
4.7645
4.1838
6.0779
5.4476
4.5902
6.3124
5.4232
6.5901
5.8646
5.7192
6.6968
5.7066
5.6239
5.5669
7.1235
4.6276
4.8380
5.6253
5.0487
5.1905
4.7987
4.1184
4.5076
4.4391
4.8654
8.1641
4.1307
4.6845
3.7894
4.9372
5.1202
5.6571
4.4203
4.6618
4.8990
5.0201
3.9889
5.4622
4.5105
5.0401
5.6587
4.9499
5.4280
5.4999
5.9847
8.7982
4.9536
4.4514
5.0557
6.2729
6.2173
6.1011
5.6265
5.1085
5.6799
5.0962
5.5577
7.3230
7.3315
7.3697
8.1019
5.6752
8.3120
5.8164
5.1219
4.6759
5.4537
5.2868
4.7624
5.5146
5.7343
9.0823
5.3326
5.6535
6.3094
5.3801
4.3684
6.2899
6.3185
6.2837
5.8182
5.9231
7.0523
5.0474
6.4009
5.8126
5.8649
6.0060
5.9098
5.6186
5.6685
5.7866
5.2949
4.7832
4.1809
4.6983
5.7152
5.7877
5.8638
4.7210
4.7777
4.9683
4.8895
5.1518
4.3951
5.7549
4.4232
5.9466
5.1744
5.4367
5.4043
5.0205
3.7819
4.0209
4.6300
3.5769
4.4179
5.5971
5.1078
4.4739
5.2191
6.2127
6.4899
6.4279
4.9342
4.6864
5.0048
5.1196
4.4956
4.4338
4.4192
5.4438
4.7595
5.3232
5.7483
5.5933
5.6615
5.3897
5.9907
4.5667
3.4869
4.8044
4.8418
5.8766
5.3486
4.9544
4.4524
5.0255
4.3250
5.0449
3.9295
3.5868
3.4569
4.2614
5.2419
5.3469
4.3832
3.7643
5.1568
5.8295
5.8011
5.1547
4.9998
5.1876
4.4822
5.7015
5.1616
6.0120
5.1655
6.0209
6.2576
4.2554
6.5327
4.2556
4.6415
4.0453
5.4625
5.8438
5.4131
5.2028
4.8202
5.1758
5.5105
4.9990
5.8107
4.2851
4.5248
4.9225
6.8398
7.0508
5.5962
7.2437
4.6907
4.5197
3.6514
7.7668
5.3541
5.4587
6.0072
4.9684
6.1190
5.5722
8.1792
4.6771
4.1264
34.8478
35.9733
31.8550
35.4024
32.2568
6.9152
6.8714
7.0363
7.3526
7.3651
7.6104
7.5864
8.8391
8.8401
9.4884
11.2923
11.5267
12.3809
5.6447
11.6548
15.2603
4.9348
5.0844
5.8409
5.7538
4.9157
5.7473
6.4484
5.4433
6.1722
5.6005
4.2436
5.5264
6.1286
5.7461
5.9337
5.7338
6.4940
6.4861
4.1658
6.0462
5.0239
6.0290
4.7603
5.4514
4.4787
5.4451
5.5014
5.3968
6.0128
6.1895
5.2827
4.9669
5.8679
6.2001
6.2276
6.6228
4.9539
4.7973
5.4367
5.7971
4.4147
5.2849
4.5618
4.7620
4.3434
5.1738
4.6261
4.7311
4.2852
5.3777
4.6229
6.0579
4.6108
4.8698
4.6221
4.2230
3.6035
5.2734
5.2814
5.1432
4.3853
4.5271
4.6444
4.9577
5.2480
4.8930
3.9066
3.7577
4.3928
5.6104
6.8144
4.7757
4.7675
3.9074
4.8258
5.0461
4.0439
5.2372
4.4652
4.9736
4.2386
3.9651
5.2508
5.3045
6.3132
3.4704
4.5002
5.0281
4.8412
4.5091
4.5124
4.5387
4.9306
5.2281
5.2031
7.0174
5.0963
5.3168
5.2696
4.4710
5.5496
4.0471
4.9938
5.0239
3.9806
3.5854
4.9439
3.9403
4.7823
7.6919
5.1226
4.7428
3.9151
5.0276
4.5914
4.9202
4.4534
7.3059
4.9680
4.8026
4.6725
5.2886
3.7296
5.1437
5.3901
5.0853
4.9742
4.4724
6.0383
5.9844
6.4637
5.9101
5.9204
6.1969
5.0087
4.7883
4.7455
4.9228
4.5925
5.3939
5.1237
3.3961
4.9439
4.6879
4.8235
4.6085
5.5374
4.4303
4.1380
4.5953
5.0893
3.9741
5.0854
4.6672
5.6072
5.1468
5.7397
6.2004
5.3881
4.6416
6.4794
4.1280
4.5936
4.0517
3.9937
7.1754
7.4569
5.2742
5.2883
4.9922
5.0576
6.0664
5.9330
4.9528
4.9970
5.6058
5.4269
5.7038
5.3077
5.3431
4.9727
5.0377
5.3806
4.6944
4.7006
5.2657
6.0053
5.5916
5.7985
5.8822
5.7429
5.3659
4.7156
5.8836
5.5501
5.6601
5.8423
5.1063
4.4424
4.7777
4.3835
5.6634
4.5571
4.6014
4.7973
5.4554
5.2366
5.5753
6.2427
6.1852
5.4032
6.0445
5.4057
6.0742
7.2558
4.3041
6.3317
9.2292
4.7782
5.9062
5.7554
5.5682
5.4402
5.6797
4.7657
4.8875
4.6007
5.2671
4.4376
5.1366
5.1994
5.1813
9.5991
9.8186
6.6760
6.5642
4.7009
6.8071
5.1325
5.7573
7.0484
4.5396
5.1793
5.2203
5.0522
4.6522
4.8512
5.3573
4.5978
4.4600
5.0275
3.0930
4.5347
4.9069
4.8885
5.0295
4.0454
5.4495
5.4280
5.1488
5.1708
5.6745
5.6291
3.9895
4.4031
3.9908
5.3037
5.7004
4.1621
4.3824
5.6674
4.8966
9.6132
5.1108
4.4101
4.9513
5.7962
5.5532
6.8931
4.6337
5.5697
4.4788
5.0847
6.1627
5.1795
5.8684
5.9606
5.9066
4.8552
5.9244
5.6091
7.0210
6.4582
4.9358
5.3829
5.3760
6.5083
7.0929
5.3974
4.7566
4.3486
8.1629
5.2574
5.2786
5.2538
4.9024
5.0250
4.0006
5.2218
5.7440
6.4446
3.8863
5.2576
4.0112
4.0603
5.8741
4.5528
4.1112
4.4651
4.3313
5.7846
3.8988
6.0876
6.0840
5.0550
3.4478
4.1051
5.6445
4.8726
4.5619
4.7642
6.8578
6.1095
6.0101
5.9836
6.1495
5.9490
5.9621
4.8830
7.4519
6.5072
6.3115
5.1221
6.2390
6.3749
7.1334
7.1327
7.4788
6.6432
5.9141
4.8057
4.4389
3.8360
4.8715
3.8871
5.1465
4.9591
5.5561
4.5405
5.0197
4.9070
6.5080
5.8883
6.3593
5.1857
4.9058
4.9539
6.0283
5.2507
5.6979
6.0316
4.4473
7.1807
6.4010
5.3600
4.2279
5.6390
5.7767
4.2870
4.6566
5.2873
6.2581
5.0049
9.0434
5.8315
5.7064
4.2948
5.5047
4.7112
8.1515
4.8207
4.7740
5.6346
5.4460
7.3061
4.5107
4.2836
4.3956
5.1048
4.7993
4.6722
4.6863
4.1745
6.4665
4.4394
4.1383
5.0994
4.6092
6.1319
4.4707
4.6317
5.1908
5.3084
4.1156
4.9018
5.5168
3.9133
4.0559
4.8698
3.7060
5.2953
5.0036
6.0058
5.0326
5.7811
5.7588
5.3193
4.8610
4.5452
5.2613
4.4878
5.5790
5.1352
4.0814
5.7694
5.5505
4.9162
3.8562
4.1616
5.3903
5.4232
4.7207
4.9202
5.8170
6.0668
5.1557
5.8792
4.9736
5.3800
5.3700
5.0889
4.4191
4.1087
3.3192
5.8808
4.9013
4.5491
4.5130
4.0157
3.4966
3.7453
5.5093
4.8217
4.6020
4.3373
4.8377
5.1139
4.3121
6.2498
4.3651
6.6958
3.7902
5.2488
4.7117
4.1755
4.2606
5.7021
4.9272
4.2353
6.5893
5.0749
4.6237
4.3651
3.9433
4.3324
4.1258
3.4556
4.0436
5.7184
4.3085
10.6998
11.7440
4.8838
4.8618
5.0932
5.6517
5.6534
6.3881
6.2158
6.2893
5.1832
4.8173
5.0889
4.9169
3.5921
4.4625
4.7454
4.2989
5.0419
4.5540
4.7090
8.2228
4.5717
3.9985
4.2233
4.6667
4.9372
5.1940
4.9205
4.8714
4.8613
5.1221
5.5095
4.4032
5.0593
5.8655
5.5501
5.7377
4.8175
4.5592
5.0984
5.6561
5.2846
4.6074
4.4867
4.8185
5.1717
4.9486
5.4580
4.6905
6.1150
7.9926
5.0591
3.9345
2.9188
4.9143
5.3301
3.9946
4.8682
3.7436
5.0577
5.6021
4.7044
4.5052
3.2974
3.9395
4.2003
4.6304
4.5954
5.8238
4.8843
3.9198
5.2720
4.6245
4.6480
4.7676
4.9278
4.5615
4.4843
4.4184
3.5577
5.1332
5.7734
5.1329
4.5078
3.6990
4.5532
4.3819
4.4124
4.2328
4.3270
4.6405
4.5731
4.7640
4.7572
3.5936
4.5774
4.5386
4.2903
4.9291
4.8790
6.0593
4.4345
4.2376
4.5435
4.7207
5.0502
3.8771
4.2888
3.7381
3.7726
4.7814
5.4598
5.2791
4.0557
4.6121
5.3311
4.2999
4.1172
4.3447
4.9762
5.6916
4.0685
4.4829
4.8578
4.9439
7.1973
4.0813
4.0386
4.7018
4.5223
5.0269
4.9492
4.3062
5.2346
7.3485
4.1490
5.3821
5.9341
4.0672
6.1546
6.1272
4.0784
5.3140
5.6978
3.5387
5.3692
5.8464
5.7350
4.7138
3.6246
5.3484
6.0654
3.4897
4.2686
5.5309
4.3235
5.9223
4.5230
5.0952
3.7558
4.8590
5.0361
4.2800
3.9722
4.5534
4.9290
4.8017
3.9180
4.2220
6.3080
4.7517
3.1279
3.8225
5.6022
4.3236
4.3202
4.2996
4.8737
4.6576
4.5437
4.9426
4.5628
5.0150
4.3195
4.8515
4.7776
4.9141
4.8909
4.0228
3.9964
4.7802
7.4816
4.5037
4.7973
5.2898
3.3916
2.8396
5.0222
4.4211
4.8848
4.7104
5.1503
5.1565
4.2087
4.8791
5.4450
4.1660
2.8584
5.5468
5.4978
4.1417
4.0750
4.6455
3.9240
5.7185
4.1095
5.2523
4.8526
4.5244
4.7679
4.8036
4.8320
5.2627
3.9445
4.7745
6.5045
5.5826
5.9230
3.9835
8.6289
3.4570
4.3185
5.0044
3.9802
3.7786
4.5399
4.6955
5.2175
4.9752
5.5679
4.4289
5.5144
6.2551
6.9699
6.1260
6.2719
5.8596
5.6102
4.8666
5.0041
6.7811
5.2969
4.6106
4.2743
5.0470
5.8674
6.6554
5.2004
5.7758
4.6087
4.5127
5.7480
5.8940
5.9545
4.2031
6.5507
4.6439
4.9660
5.6115
4.2325
5.0753
6.1392
5.4021
6.9894
5.8703
4.6985
4.9924
4.9775
5.4657
4.8312
6.8885
5.5991
6.0439
4.4070
4.9624
5.4647
5.9900
4.8113
5.5208
5.4365
5.2868
5.3863
4.5297
5.2527
4.0987
5.2191
5.0865
4.6362
5.8828
5.0297
4.7182
4.9903
5.7849
5.2442
5.5790
5.5818
5.4404
5.9120
5.3632
5.0350
5.6078
5.6590
5.7914
5.9708
4.2111
5.2051
4.8664
5.3450
5.3376
4.9638
5.2315
5.1462
5.1620
3.8982
4.7689
5.4136
4.6946
4.6906
4.5987
4.7667
5.2920
5.1174
6.6488
6.9006
5.4703
4.4953
4.1706
6.3520
4.5644
4.2555
5.3322
4.6912
3.7388
4.4655
5.1523
5.8111
4.9152
5.9612
5.9906
5.9851
6.5516
6.0796
6.0092
6.2344
4.8928
4.9637
5.7368
5.7720
6.3943
4.3968
5.0199
4.2923
5.8904
5.0453
4.7733
5.1754
5.0089
4.6337
4.7838
3.8725
4.3691
4.9701
6.1758
6.3738
5.8714
9.6954
4.4135
4.4914
5.2440
4.8440
4.2201
4.2886
4.6399
5.4392
5.3881
4.4127
5.5796
6.0742
5.0872
5.5284
5.4054
5.2743
4.3950
5.2235
5.9988
6.2289
5.5381
6.1759
6.2470
6.3430
5.8815
5.9487
5.4200
5.8096
4.5697
5.3271
5.4462
5.3546
6.0450
5.2966
5.6223
5.9367
5.8184
5.8663
5.1301
5.1028
3.7536
5.4928
4.9683
4.9092
5.2769
5.0014
4.9563
4.9881
4.7700
6.5590
4.0997
6.4642
7.2145
6.3275
7.2464
5.7599
4.3448
5.0866
5.1902
5.5254
4.9779
5.4281
5.2396
4.7457
5.6274
5.3982
5.4317
5.3628
5.7069
4.6991
6.2060
6.3440
6.0621
5.7830
5.7790
5.9241
6.5396
5.9411
4.6179
5.7941
4.3565
4.3426
6.5138
6.4025
4.5634
5.9636
5.9042
7.6706
5.9704
6.0612
4.7178
4.5860
4.7925
5.8883
5.0563
4.3898
4.8342
5.4110
5.1183
5.0979
5.4978
5.4580
4.4336
5.8069
4.1870
4.0621
4.9534
4.8177
4.8856
5.4504
5.7147
3.4967
4.9501
4.1946
4.5355
3.6422
6.1794
4.9725
5.6194
3.9935
4.3490
5.0909
5.3925
4.3614
5.1482
3.7626
5.3089
4.3951
6.1514
