21.1764
28.2851
17.8085
24.3523
19.3105
19.3889
16.6242
27.5941
19.1622
30.1799
18.7947
23.5532
19.3474
21.0586
21.6947
21.8990
16.4254
18.2523
23.3863
33.1912
33.4959
19.5570
20.5515
23.7260
24.3251
21.8589
21.1356
22.4211
21.1685
20.7525
33.8132
26.8888
24.9610
29.8000
24.6995
20.6689
35.6511
13.3047
20.4815
18.9953
31.1342
22.6677
20.9858
20.2066
18.4222
45.6266
28.9741
19.4193
20.1204
21.6665
18.9113
19.6039
20.8565
35.2184
14.1138
27.1812
19.1605
19.6644
19.1587
21.8390
22.8266
11.5224
24.6251
34.9800
16.2235
17.9651
32.9115
16.7357
24.6331
27.2166
19.0643
16.8157
26.5451
34.2304
12.8958
31.7186
32.1184
32.5723
17.4632
15.7823
21.5687
28.5249
20.3822
17.4329
15.7232
22.6248
20.7591
18.7194
18.7960
19.0308
21.9724
30.2534
36.8869
21.9603
22.5387
19.8142
23.5320
19.5984
26.4921
19.8227
23.6975
20.3992
22.9215
21.8345
27.4221
31.2638
30.4616
21.4352
24.0159
21.4866
26.1456
24.0683
36.5479
21.5082
20.5266
28.0830
20.8056
21.4561
22.8273
36.4024
25.9778
20.6962
17.1248
22.7379
16.7155
27.6120
23.6922
25.2158
33.6617
18.7039
17.4354
21.3837
19.5834
21.1206
18.1004
16.9309
18.9989
16.3802
17.2831
16.7926
48.6787
18.2090
33.6554
29.5924
50.9507
19.1422
16.6874
24.9258
22.6820
19.6172
14.1270
18.7338
14.8759
15.2786
15.7669
26.4473
16.5956
18.2571
31.0039
22.9518
24.0058
28.5542
19.7107
32.8943
16.0546
19.8394
20.8543
16.4694
20.4430
30.1526
19.3116
18.2520
29.3604
26.4872
18.9369
32.1846
19.6565
21.2226
26.9187
12.8055
17.3121
27.1172
26.5168
17.8010
33.9842
20.0451
18.4778
23.5857
23.2941
16.6223
18.6669
20.0497
22.0881
23.9837
18.9927
19.4453
27.0579
20.6298
20.4392
23.9215
21.6127
19.2263
29.6324
31.0860
22.3453
22.0310
19.9715
17.9708
20.1381
19.4464
19.0666
18.6710
26.3607
23.0869
30.2021
45.8239
23.0500
23.9765
21.5711
18.5796
20.3420
21.9090
30.7490
19.1992
25.7596
19.6499
22.2139
14.4312
27.6477
50.4444
28.0797
14.2386
20.2560
24.5253
30.4220
17.2698
24.5488
36.0007
24.3845
17.8341
11.8983
23.6018
24.1516
19.8633
28.9375
20.1136
22.8437
20.6186
23.1987
31.0778
17.7036
19.0430
20.5523
18.8687
23.1261
24.7971
24.6749
19.7424
27.0207
63.4845
21.4304
24.5061
19.8506
18.8197
27.4745
19.1304
21.0881
29.9056
30.8134
24.3547
23.3846
18.4940
19.5775
18.8651
20.0362
19.5428
25.8963
19.2546
18.3181
20.3567
17.4920
49.3540
21.6505
22.6361
18.7195
25.6286
22.7026
30.0963
27.4003
30.2683
38.2869
20.5017
19.1599
17.6264
29.1429
32.0301
18.5581
22.2279
20.7723
42.2840
18.4715
18.3524
23.9786
25.7987
61.3412
21.4429
23.8128
21.5024
6.1594
19.5106
17.6009
23.0951
22.8305
25.5216
19.5919
25.0806
19.7305
15.0142
17.0367
21.9840
27.4076
21.5166
29.5495
20.5414
21.6536
22.8693
20.7476
23.5292
27.7670
29.6966
19.5259
31.9247
19.5401
19.3036
23.5167
19.3309
30.8087
30.1956
22.4411
30.1355
17.9446
15.8139
31.6392
19.2587
21.6885
22.2180
22.5610
24.5615
18.8075
22.1139
23.5354
23.3184
23.7999
15.9302
27.6118
18.7856
18.8030
30.4667
23.8084
13.6242
26.2488
18.6607
19.7278
21.0622
20.1893
29.5899
33.2959
25.8719
35.8136
20.8282
18.9178
34.0826
59.0464
24.2760
16.5145
26.7434
3.7829
22.5923
19.1847
22.5683
21.9216
18.6498
20.7573
20.6264
17.7824
15.8844
25.1682
31.6483
19.0610
25.8029
16.1670
18.4085
14.0994
21.9442
4.4996
20.2855
26.3866
32.2162
19.6415
24.3059
18.7752
27.9536
25.3020
23.1340
28.9568
21.1167
4.9622
20.6857
24.9809
15.3717
23.1320
17.3132
33.2014
20.3588
21.8850
27.5399
25.2515
22.1187
22.3149
18.6952
22.2857
18.7658
23.6555
18.5823
21.3618
29.7133
26.0761
20.6128
19.7827
21.1077
20.8901
64.2043
21.9829
23.2954
25.4281
20.7704
27.5602
19.3284
32.5735
22.0848
18.3521
24.5379
16.2163
19.8401
31.2440
12.6125
76.5837
29.2772
31.8648
24.5332
21.8027
27.1962
32.4820
18.5407
19.5384
26.4974
29.1866
21.8888
28.2828
19.6142
27.3844
16.8974
19.0294
25.8336
29.9120
16.2199
18.0484
18.1606
20.7055
21.2064
27.5899
34.5659
33.4482
28.1562
18.2921
24.2951
17.7626
23.0761
16.1950
27.2483
19.0076
18.5304
24.7717
13.8078
21.0007
19.7898
20.5647
13.5022
28.2541
20.1377
20.8037
22.6854
24.4818
21.6436
21.4348
26.5842
21.5948
12.2144
33.4562
17.6420
31.1726
22.9953
20.1729
20.6320
27.4059
18.9737
21.8456
15.6431
19.1366
18.2204
14.7521
23.1910
23.1918
21.1058
30.0879
23.8892
23.1281
31.3732
20.5941
21.5896
23.7243
30.9310
27.2177
25.6113
32.6603
62.6421
36.1380
18.1351
17.9736
37.8889
34.8998
18.4771
25.6026
22.6112
27.3227
25.5348
13.0339
18.8582
19.2076
18.3984
17.5601
29.2025
15.9949
21.5292
21.3653
22.6492
18.7276
24.4402
20.9549
27.8247
20.0411
20.7616
22.6922
23.8938
17.5575
26.7574
29.9810
30.2285
6.6787
35.9335
22.3167
18.3772
26.0795
21.9526
20.0638
20.5946
17.2834
20.4094
20.1513
13.7701
28.3122
19.7778
20.6759
19.8818
20.7402
27.9695
17.6969
14.0762
21.1893
75.8605
5.7134
19.9816
34.8189
26.1916
23.4854
17.8235
19.4952
19.1719
21.2664
19.1165
21.7212
13.6119
20.7790
18.0846
19.3770
19.5158
25.8019
27.6422
19.0409
24.7783
31.4775
7.8830
42.5628
20.6076
18.3074
24.7284
29.6694
20.7772
19.0080
24.1537
30.2645
33.7657
34.2839
20.6455
18.8682
33.9105
30.6724
27.8696
21.0078
19.7917
20.4193
13.7484
31.3694
20.5842
8.0435
16.4607
22.3891
56.4931
19.8752
20.8086
33.2208
16.4913
27.4086
29.5693
19.0474
24.1285
22.2432
32.3013
25.9330
33.5245
23.8612
32.0564
26.3989
21.2679
20.6379
21.4615
23.1069
27.7772
21.5499
27.8960
17.5189
30.2184
30.8390
17.1823
29.8534
17.4338
22.6228
5.1359
11.7939
19.6695
17.9491
18.6395
16.4366
15.3294
18.1291
28.6868
20.2482
28.2737
27.8142
22.1112
21.1244
26.2372
20.5090
33.6866
20.7761
19.0372
20.5069
26.7781
27.5392
31.4506
20.3945
21.1047
20.9002
25.6511
31.3070
48.0696
18.8075
19.1811
23.0389
20.8668
23.7044
21.3008
18.6346
53.3258
4.9139
27.0050
12.5286
23.5962
21.4182
12.8543
15.6285
26.3773
19.3173
25.1759
17.5559
14.7388
36.0604
31.1071
19.4316
20.1545
32.9750
33.8177
20.0827
24.4486
18.5655
19.8859
25.3482
19.7859
21.9692
17.8590
21.6586
19.9315
23.7182
20.6063
21.0513
22.1923
27.5047
20.0117
20.7052
20.4659
25.3856
20.6694
21.4659
30.1048
18.8350
19.0745
21.9211
28.6208
29.5227
21.3659
19.9911
25.8631
28.2711
17.6809
23.8534
26.1170
31.9085
20.2804
17.8480
38.1944
23.3927
22.5439
20.6489
18.0917
21.3269
15.7499
19.6594
21.7125
21.4554
30.9714
19.7155
15.6985
19.4046
22.5418
20.6790
26.5408
6.1756
21.6630
23.3181
19.1972
27.4415
17.2957
22.5425
19.3187
18.7831
35.4681
29.7530
16.5122
25.6004
20.3962
31.8383
20.4326
20.5501
17.0601
18.0664
20.2677
25.4148
18.3001
20.4159
19.0772
18.5301
32.8553
18.8188
22.9928
31.7324
20.5697
5.3258
21.9886
19.4597
24.1957
17.7269
14.6345
25.3751
19.4380
16.6079
20.7906
18.7886
21.9233
18.9201
21.8315
21.7911
26.5143
18.4542
26.1432
18.7522
22.6168
28.6692
26.5043
15.8474
19.5022
28.9577
22.1652
23.8770
18.1632
27.0488
20.0720
28.0215
26.7961
15.7811
13.9041
14.5949
31.2195
16.1815
48.2379
11.6760
18.4949
31.0422
25.6519
29.0571
29.2472
23.7805
21.9103
16.3123
33.7269
25.9210
25.8396
27.3877
33.4375
25.4494
16.1756
25.9957
14.9815
18.1503
28.2585
28.7985
27.6475
16.9653
16.7379
30.2574
16.5079
25.9016
14.9351
27.3532
19.4363
23.6235
20.4775
18.4629
16.2257
17.1542
18.8730
24.8906
27.0057
49.4958
14.9301
20.8695
19.5333
66.5150
24.5141
22.9835
21.1816
29.2063
17.3285
16.5994
17.9594
23.3267
30.3541
29.0961
24.3875
28.8021
32.0938
19.7148
24.0715
24.4249
16.0270
30.9510
20.0955
15.0104
14.3650
20.5310
15.3387
23.1191
18.3077
24.3249
19.6126
19.4047
21.7879
24.7067
28.3594
25.7599
21.2276
18.1228
19.8299
19.0811
18.5534
29.4395
22.2389
27.6605
25.2603
18.3397
19.7092
19.6438
23.6964
16.2749
24.4196
20.4432
18.4341
5.1436
24.5317
20.9298
21.2563
24.2419
29.6163
20.5199
18.4584
27.2116
19.3908
23.3447
25.6983
18.1741
3.5591
18.3088
33.8342
18.4600
16.2120
23.1092
24.3149
12.1595
17.4127
15.6667
19.3977
31.9697
31.9483
27.4314
28.7523
19.1442
24.4242
12.7540
20.4170
18.5655
15.5478
19.5657
22.9316
22.5396
27.2789
26.1626
58.8183
24.2858
18.6816
17.0392
22.9589
23.8675
17.6419
30.3706
27.5634
16.2854
18.4168
27.4359
22.1083
18.9019
23.1003
18.4305
25.7803
33.1145
17.0316
34.3734
26.6047
26.1204
14.9480
17.6586
17.2731
25.2829
20.6353
24.7843
26.5604
26.9603
26.4546
25.9054
26.9716
24.0689
24.2733
33.0217
27.3144
23.7886
20.4596
22.2347
19.7508
17.0693
52.6942
20.0600
28.3348
22.9252
19.9555
21.5966
28.7648
22.8392
31.9517
12.3684
21.5163
31.2026
31.5893
19.0517
26.0842
19.4107
18.7815
18.7200
21.9355
21.6636
22.3874
23.8697
18.6459
21.2368
19.1800
17.9131
20.4682
20.1192
17.9436
18.0935
18.0984
17.3569
22.2987
22.1297
21.5378
31.0945
19.6780
24.2602
18.5732
19.0672
18.4075
23.4417
24.0461
23.2911
30.8949
20.8281
20.7480
23.9917
25.4498
17.7487
19.7821
20.9093
23.2171
20.4154
31.1180
25.3107
15.3775
18.3690
17.9314
20.1842
18.0492
19.9956
22.0676
22.9754
12.3358
22.5995
20.2158
19.8884
28.9664
21.4217
27.4732
18.8658
18.1942
16.3027
17.8800
18.4938
18.5165
19.9012
31.8386
18.7467
27.8813
21.7186
27.0844
18.0721
17.6774
19.1761
15.9074
18.7810
21.0519
20.7711
21.6310
19.1783
20.9586
18.3621
26.0686
13.1587
24.4898
17.9354
30.8152
21.4592
21.5358
19.6663
23.3269
20.1891
28.9247
18.4835
18.2039
19.9046
21.8301
22.3441
29.6358
27.7893
27.2426
19.4493
25.9135
18.7117
19.8630
18.8715
18.2601
21.0837
20.1658
29.7932
33.1038
18.4289
29.6238
14.3401
16.0757
19.8657
18.9983
27.4618
19.3670
23.1169
28.5659
23.0040
28.8123
17.8569
21.4367
19.4274
17.4951
42.7716
18.3664
21.1798
20.9723
22.1819
33.9261
18.2509
28.1612
46.1357
21.8605
19.4733
20.2299
32.7003
31.5426
20.7886
22.1449
20.9114
21.9566
20.6138
16.5271
21.3432
24.0967
22.1036
21.9541
24.0545
26.2873
27.3659
23.7433
25.6277
19.9429
21.6149
26.9093
29.9327
15.2266
19.5417
21.2574
21.1439
25.5206
21.9935
29.5013
19.4123
30.6457
21.5810
18.8999
22.1495
17.1432
29.9619
22.2915
20.0696
13.8292
26.9253
44.9141
34.1531
18.1631
20.4532
29.8534
23.7885
18.6666
28.9675
16.9509
28.4761
23.8109
16.5107
19.4591
19.3785
26.1972
30.3028
22.1266
15.4429
22.4764
22.4433
22.2261
21.4947
30.3868
18.6231
20.3241
18.1857
24.0608
18.2888
26.3190
18.5464
24.3620
18.8374
32.3290
16.1473
21.2910
18.2596
18.6782
18.3109
22.0533
30.7005
28.0113
31.8777
24.0104
19.4975
22.8539
27.6265
20.8936
12.2904
17.3412
20.9260
21.5057
22.4013
16.1734
21.3822
17.3814
26.7137
16.7607
20.4574
12.2108
18.2592
21.6719
17.5553
26.1125
22.7422
15.6399
18.1205
16.9572
26.9625
21.9030
25.5899
20.0880
32.0411
22.5706
19.1411
21.5744
25.6885
18.3192
18.5463
28.1783
19.2133
23.3499
27.2526
19.1979
24.6471
24.8120
30.7123
19.5382
22.5258
19.9805
21.5387
19.3181
14.5377
34.4582
19.3949
21.0067
18.1355
19.6242
21.3746
19.0621
40.2680
22.2509
31.8765
15.7643
19.8965
22.4815
117.8219
19.7422
18.0356
18.6442
20.0855
13.7111
16.3434
21.6007
17.5453
23.7092
18.2536
20.7270
24.1523
17.7141
20.1298
19.1832
14.0089
21.1909
16.9573
18.0534
19.1704
19.8343
19.2261
23.4963
24.5399
21.8145
28.6486
31.4778
17.3924
25.0316
21.7097
31.6011
28.2257
18.3163
20.0293
61.1459
21.5566
25.1480
28.7138
19.0246
25.2989
30.0154
21.4658
20.1387
19.5490
23.2924
23.3624
19.0034
19.3787
18.6919
16.3521
19.2139
19.9243
21.6838
34.9520
19.2118
12.4767
19.8177
24.0834
25.9794
13.1446
20.6902
21.6655
14.6050
18.4087
27.8402
26.7222
25.3277
15.9686
19.4245
33.2101
27.7449
24.6885
23.4593
19.6926
25.9854
36.9240
17.7845
21.3239
20.5598
26.9439
25.9801
26.7439
31.5705
29.8577
33.2667
32.5481
34.2623
26.8195
24.9475
19.3720
30.0640
18.8774
18.7754
33.0156
18.1528
26.7484
19.3898
29.6673
24.6538
25.1485
23.8326
18.7572
15.4249
26.2724
17.2468
27.2759
21.0022
26.8912
26.5111
27.8524
21.8143
21.5477
57.0543
19.3025
21.7130
19.4466
32.7545
22.7972
18.0698
22.1023
20.2649
27.7413
20.6829
26.5698
20.7474
22.8511
17.7504
19.8884
29.8033
14.3193
16.7972
17.8962
22.9993
15.3269
25.9279
30.6257
21.7131
17.2539
20.6169
21.5205
16.5977
17.6844
17.7475
19.9841
30.0974
22.8680
32.3130
10.6754
34.7050
43.3984
28.7233
18.7624
22.9336
21.2514
18.7377
28.0378
17.0995
19.9428
19.5633
16.8333
21.4456
18.9600
42.0167
17.5114
23.9315
20.9052
25.8751
26.8768
22.8242
21.0104
29.8249
18.6681
18.5454
26.8709
33.5651
37.4869
24.9381
47.7712
26.9064
26.2920
18.4936
19.6827
29.9895
23.9732
20.0579
19.8975
23.6153
25.3720
25.4395
29.5888
19.9041
17.1453
20.9106
27.0753
14.6034
20.4572
28.3851
20.8777
28.9259
24.2224
23.2216
13.7944
22.8972
18.9658
18.4247
18.6243
32.9655
22.2671
19.8692
18.1925
22.9255
27.0203
16.2881
17.2352
21.9682
26.2939
19.1417
6.8219
22.6133
30.8663
22.0529
23.6064
19.3823
20.2810
18.9106
19.3592
23.7770
24.6290
16.9022
23.8945
20.2553
15.4640
18.4360
31.5740
32.8908
19.8774
30.6758
15.4546
18.4367
23.0133
15.2439
25.7861
21.0340
54.8518
17.6153
16.5726
26.6750
15.4804
51.6084
17.1074
27.6282
17.5817
17.7847
18.0687
30.9084
17.7296
10.6144
19.6700
17.8343
18.6992
23.7813
25.7890
18.0262
25.2512
20.8928
29.9145
18.1571
20.4217
24.8057
15.2809
11.1129
22.4757
26.0808
18.9614
13.7320
24.6343
16.5138
18.6459
19.9886
17.4505
65.8120
15.6534
26.3155
18.8891
26.4396
20.5610
19.8351
14.1020
22.3436
25.4564
19.0021
21.7967
21.2450
28.5194
34.9589
29.5140
21.6585
21.4356
15.5661
18.4705
21.7302
28.7193
21.5483
4.2664
19.7258
22.2175
19.4016
25.2052
24.0670
15.3923
23.3098
20.3918
20.3849
18.2100
30.4317
16.0678
18.5036
21.4165
24.2606
14.3505
21.9952
22.3668
20.2293
17.6684
29.7481
20.2889
20.1532
32.1591
16.6765
33.2334
20.3024
15.9291
18.8110
19.9934
20.1708
19.0619
28.4433
29.1030
17.0396
21.7129
21.1055
24.9331
30.8804
45.0697
16.7997
18.6474
12.0284
20.2312
31.9729
27.0614
25.8598
27.5170
24.7348
19.1691
22.3496
21.2690
22.9174
20.2637
20.3518
20.6967
25.1345
19.6566
30.2392
23.3903
19.9028
15.4684
74.8381
25.8132
17.4283
19.2177
19.1221
15.1775
19.4520
21.0484
117.7382
30.8609
25.6784
20.7553
23.4571
25.1120
30.4706
19.5974
31.4734
24.2517
23.9443
23.9635
18.2615
19.2351
29.1620
20.8818
12.6665
53.9115
20.5521
16.6643
25.1960
20.0501
18.3522
30.0901
17.3296
27.2132
19.1138
23.4523
18.2115
17.9709
22.9393
24.9566
14.8995
27.2551
20.8906
22.4434
29.9654
20.1470
20.2903
18.7371
22.6708
18.2883
26.8451
19.1805
19.4204
24.1534
18.8917
20.7650
30.9144
19.3886
20.0064
18.4071
27.6045
14.8978
12.4852
23.4047
17.3829
22.8041
25.1831
22.5477
15.9200
19.7578
19.7261
16.1662
52.7910
21.4477
21.0993
23.0263
22.5523
32.1793
20.8514
29.9848
21.0065
29.8250
23.2004
18.9046
28.0375
24.9639
29.7465
20.1365
21.9697
21.2409
7.5071
17.3873
28.6367
25.2284
21.5294
19.4929
21.8428
27.1630
19.1388
12.4536
17.7075
17.6628
34.1194
22.2382
22.1608
28.8190
30.2535
31.6203
26.9266
18.3106
30.9408
21.5137
24.6497
13.9564
25.1345
24.5835
20.8263
18.1143
28.0714
20.8232
20.2822
21.3182
13.4290
19.5115
17.9165
19.0670
25.7095
20.8295
27.0195
35.3097
18.2282
52.9425
20.3645
20.9953
21.9089
13.0177
19.3503
27.4134
26.0151
17.2432
18.8397
20.4682
18.5242
18.0855
28.1204
21.3181
28.9818
17.7970
16.5132
17.1522
27.2114
31.9992
28.4944
19.5002
27.5134
19.5158
23.3680
17.9600
30.0671
17.7432
12.3327
16.2811
33.7230
20.7130
17.5945
26.7351
18.9501
19.6080
23.8845
52.2323
19.7166
15.8667
20.0898
18.5841
19.1141
19.4185
21.2216
20.0870
17.9476
18.0971
23.1325
20.2050
15.0412
15.6258
33.2002
15.8143
54.9702
14.5715
30.7285
16.4663
33.7038
59.2656
23.2030
19.8800
17.1663
18.3300
25.5309
20.8427
19.2760
18.8080
27.1887
27.2757
21.9216
18.9315
13.2252
23.8856
13.1857
19.0007
18.7161
25.0332
18.9434
17.7593
60.2764
15.0142
17.7865
13.7011
19.3423
33.1222
15.7119
14.5458
27.3943
21.4319
13.1231
35.9526
20.6451
27.6503
31.6694
18.0119
26.1488
24.1984
24.1820
13.8770
23.6602
32.0057
16.3903
28.4852
18.2535
19.1753
29.7234
22.0851
22.5912
24.0237
26.7596
18.5059
17.8471
20.4654
19.4897
20.3291
20.9855
16.9064
25.1612
19.3968
20.7022
30.0722
20.1623
21.0907
16.3791
27.5470
22.3808
18.4839
24.4465
21.9904
18.7463
19.8310
19.1696
29.2032
19.4463
21.7376
18.1820
25.1074
21.5039
19.8574
28.0443
20.7448
27.2669
23.3715
20.4730
28.8368
24.6586
17.6821
22.9101
32.1794
20.6012
18.7801
45.8517
29.1806
18.7605
28.2184
16.4536
23.2560
28.2256
26.1724
16.2832
18.5436
19.4188
13.2283
24.5632
20.6706
21.3605
17.1752
26.2809
25.2200
18.5105
23.1186
19.9001
49.3939
25.8990
17.9794
21.6522
15.1840
27.4243
20.3923
23.6780
32.3972
13.5710
22.2138
17.9580
20.1604
19.1026
18.3427
25.8345
20.7755
21.9653
27.7458
24.0711
18.6110
17.7331
16.2094
13.4063
21.5369
21.1706
25.8835
22.5024
18.4135
21.1004
31.8200
18.4367
18.3878
17.3449
12.3211
15.6926
17.8987
27.7899
16.0367
20.1736
21.3742
17.2252
22.9764
18.6112
