23.9266
25.3289
29.4281
32.2086
29.3987
30.3657
34.0560
31.7177
26.0307
36.1229
30.6833
26.7664
30.7874
29.0595
27.5232
19.5256
28.0195
20.3601
36.2051
24.2479
24.3237
26.6978
32.9571
31.1890
30.1877
16.8380
34.8245
16.6462
24.0292
19.2373
13.6033
22.4711
17.1237
25.3749
26.1254
28.0679
30.5157
28.8591
31.1368
26.7779
31.9187
27.0887
29.6522
20.6195
23.4293
26.0971
55.9495
28.5841
38.5439
29.5720
36.6368
16.8342
30.2087
15.5981
26.3265
25.1642
30.3931
26.4776
25.2906
13.2740
21.6395
22.0172
30.2267
27.0792
27.1828
33.9641
24.6448
28.4745
18.2953
27.9442
23.7690
24.8635
26.5568
25.1311
28.1524
19.8210
20.6910
30.1713
30.6093
31.7005
28.0802
26.6537
24.8891
34.5066
36.5211
24.7293
48.8886
25.2299
26.7710
19.8551
28.0590
39.6584
29.9248
31.3950
24.9864
23.9742
25.2608
26.5358
28.1736
28.4642
36.4315
27.8474
34.2492
25.7558
30.4149
8.7237
36.3696
31.7229
57.1114
35.1869
26.7797
25.0098
33.4971
26.4029
25.6633
44.5034
26.4892
30.3481
27.5044
21.2637
32.0014
25.5833
27.2194
25.1169
24.5150
40.6251
35.7844
70.2216
25.9802
40.6476
30.6453
26.0791
27.1063
33.9684
15.3954
36.7750
36.1719
17.7733
19.2059
21.4049
25.4967
13.7099
17.3874
26.9234
33.0982
19.5421
21.9542
22.3037
27.5684
21.7337
29.1882
16.8847
34.1779
17.5685
17.3957
26.7213
24.7423
22.3562
20.3246
22.7089
25.4072
25.2650
25.7332
30.7711
29.6175
35.9113
33.3052
35.6273
36.4607
40.4820
43.4224
42.1459
42.3834
44.4950
47.5034
45.4732
49.3409
49.9776
47.7328
56.5134
47.6159
53.3746
41.5560
47.7487
58.1949
47.6291
68.7586
45.2157
46.1922
49.4952
54.8400
47.0247
53.2631
30.3549
44.3817
50.1091
38.5003
31.3491
32.1303
43.6387
37.7513
23.0285
46.9329
34.5460
33.6437
40.5017
25.8688
91.0938
38.9143
77.8974
17.9718
18.0190
25.9919
44.4388
20.7857
18.0546
23.9145
26.5054
28.7443
27.7898
27.3499
26.9863
28.6844
21.5313
26.9413
19.5390
32.0759
22.0840
16.4725
15.8278
19.1066
25.8704
17.7893
19.8032
27.5715
17.8994
16.6872
19.4203
18.7252
28.9665
21.5589
20.3096
22.0959
21.1710
32.4710
28.8264
25.8536
26.1476
23.7955
13.7750
31.6927
28.0534
21.1917
26.6954
13.1305
26.4891
18.9790
21.9258
20.4317
18.3785
20.5631
22.0220
30.2537
34.1292
18.1547
25.5513
22.1671
22.2446
28.2516
23.8057
21.5246
26.5045
23.3377
36.2648
26.8923
27.6129
31.2498
25.1757
17.0508
20.4808
25.2478
20.7367
21.9370
23.5496
26.0944
30.8147
25.9541
18.7129
25.8088
31.6514
23.3811
27.3655
15.6891
27.9126
23.5616
33.0978
40.6058
32.5036
34.3231
37.1573
27.5940
39.0052
27.4438
17.8824
24.3386
30.1993
26.7873
30.4071
38.3385
25.8478
28.0490
26.4743
30.6102
32.2679
33.1377
32.1250
31.7682
25.6390
42.1205
24.9321
19.4425
33.0785
23.9941
16.8418
35.1060
27.1994
24.1349
18.8701
21.9381
22.4136
21.3564
23.9933
30.1337
23.8431
30.5858
29.8784
20.2056
20.4127
20.6536
25.1024
22.7094
24.4142
25.0708
27.1633
15.5486
20.0624
13.7865
13.7375
30.0913
22.6337
19.8037
130.0036
17.3404
18.5142
14.6663
33.1016
21.6015
18.2510
14.5868
17.2665
18.1019
32.7935
6.4373
15.5216
20.2546
19.4179
19.0693
26.9032
61.7712
44.0931
23.3992
23.4079
26.7969
14.4905
27.6678
35.0638
18.3316
33.1774
21.9177
23.3686
21.8757
16.6796
19.9263
54.0941
22.5661
25.9365
27.3334
18.4455
30.7530
22.9795
32.2960
20.7583
17.8863
8.9636
21.9784
39.1562
65.8160
32.8459
31.2058
30.9210
21.6135
21.6920
22.6196
33.6053
23.2194
24.8316
32.6290
4.6713
38.6389
34.5894
40.1388
35.3542
23.8810
19.5412
37.1312
38.4875
37.3526
22.6940
21.5752
19.5882
25.1499
22.6446
19.8057
26.9323
24.0823
21.2412
20.6915
29.7929
22.8976
21.4583
17.3979
19.6495
28.1579
19.6335
35.8275
20.5884
23.3073
23.8232
25.2035
32.9508
23.9018
26.1507
32.4112
36.2879
23.8677
26.2596
17.3818
18.5490
16.2488
16.6055
15.9956
18.6574
19.7194
20.6345
21.5665
22.9392
30.2664
19.0121
25.1869
28.9047
22.0481
19.6798
20.8158
20.4164
47.8132
26.8076
19.0966
23.0754
17.3847
29.5206
30.5638
23.6572
23.5547
29.9916
31.5943
29.8281
30.8477
31.8314
36.9052
36.6736
25.8789
20.2321
34.4679
29.7332
25.5901
28.8608
29.9089
23.4319
24.2361
23.6991
25.3286
22.4073
23.6361
29.0168
24.8264
22.7870
23.0199
22.9134
31.1256
34.5419
29.1380
33.8792
30.9685
30.3596
29.7074
38.5108
33.1100
35.3387
45.8029
35.7342
37.0989
37.4751
45.4283
37.5118
42.6224
80.4670
41.5362
45.6959
42.4954
44.2277
50.0074
48.2050
46.9406
48.1593
49.6254
52.4118
49.6872
52.5826
34.8133
36.2061
69.1980
31.4065
29.4152
49.4952
27.7486
34.7524
36.2781
11.2942
34.8185
30.7871
41.3710
41.5402
30.4836
26.8994
22.2981
25.1812
33.9608
25.3447
32.4654
27.9252
27.0678
22.4729
30.5368
25.7861
27.5314
25.7862
29.9046
32.9584
27.9652
80.7183
26.5546
36.2114
26.6071
26.2405
21.0433
23.2182
36.2465
22.0469
34.8907
24.9719
68.3541
22.7511
25.6255
22.8352
57.3232
29.7344
24.1946
31.5796
28.3216
22.6044
37.4337
30.7886
19.8537
22.1502
10.3365
21.2402
34.9912
25.5201
34.9995
23.2740
17.3230
32.9210
37.7098
26.0071
23.8591
29.1951
28.9024
23.0179
28.1631
29.7649
23.5518
35.6956
33.6449
17.9855
20.8394
19.7979
31.0773
4.5134
22.9405
22.8335
23.9768
30.9292
30.8891
23.0997
19.9051
12.7959
33.4040
19.1484
39.8356
15.8752
32.2045
23.5959
25.8812
19.9718
7.5910
14.4078
18.6089
17.5492
33.8117
23.3234
20.7404
30.8573
20.9078
22.6772
25.4670
27.1414
28.9645
25.4252
28.2207
28.6490
29.2392
34.4701
27.2848
19.6539
28.5203
39.5408
24.8455
32.1589
22.1635
22.1622
44.4239
23.5913
21.0161
26.1287
14.6829
64.3396
20.0417
19.1197
19.1825
24.1982
30.0049
25.5608
34.5313
36.5957
34.4010
25.7565
25.1829
26.2110
33.1241
40.9565
35.0427
28.3449
28.4695
27.2542
27.6039
33.9792
26.9002
33.2140
31.1744
34.6811
31.3048
31.0418
33.1199
33.6143
38.0531
26.7775
21.7163
24.0364
24.0560
35.2098
25.3067
31.8664
26.8878
34.0153
24.8387
21.6211
29.1695
17.8798
26.8652
19.2299
16.7758
20.4382
24.1680
18.6473
20.0553
14.2912
22.0252
22.4985
18.3366
13.3382
15.5799
5.5865
6.8929
18.4253
29.4862
24.0273
25.8511
16.4583
29.8891
29.8298
28.6531
31.2664
35.7573
29.1897
32.9482
32.4531
29.2240
32.1633
38.3402
33.9919
40.3262
66.4623
31.2968
28.7966
17.9862
21.1977
22.1332
15.7299
22.0993
15.3643
26.1464
25.8078
19.9488
16.9977
20.0528
29.4450
17.5202
32.1625
12.4812
22.6178
18.1521
20.4419
22.5339
25.1502
15.7387
30.1807
22.7622
32.3905
27.8151
32.8262
24.1531
14.0209
27.4146
20.1082
28.8370
34.3097
23.8264
26.0691
25.0906
28.4316
13.4865
33.1975
29.5508
24.3639
18.3551
21.4614
19.5056
30.6929
23.5217
22.5442
25.9883
28.9489
28.9034
22.6645
30.1234
25.6119
32.5235
22.0804
26.8098
27.1545
23.3328
25.1698
21.5183
24.9229
39.4088
24.0184
27.7735
25.2498
25.9513
29.1803
27.7955
32.7030
28.8866
33.1076
33.5750
121.2202
33.6721
34.0731
41.0079
33.3238
39.3418
37.1222
38.5948
36.6158
32.9987
42.7253
34.3824
34.1991
43.9597
39.1032
33.5660
38.4456
32.6664
35.0937
24.2419
37.8411
25.3896
39.0129
35.5998
27.7408
46.8806
32.7826
24.5609
29.8139
34.4175
42.1015
37.0663
31.2482
27.4810
30.7559
31.7347
31.8160
39.6017
22.0614
32.8963
41.8073
32.4670
33.4860
34.6845
28.1839
47.6056
43.5179
34.2642
48.4090
41.2296
32.1988
30.8249
31.2546
32.4153
32.3518
33.9807
41.8071
34.4214
35.3884
36.5619
38.3252
42.0837
130.0692
38.4141
38.8162
39.8145
43.4981
30.8028
48.2234
51.1532
45.9204
44.7565
44.4078
46.9365
50.5285
40.3281
41.0149
51.7895
39.8751
38.7587
21.4455
52.4704
34.9494
44.3367
23.1200
46.7503
39.8314
41.5136
29.4276
23.9822
23.3046
28.2172
25.8956
19.0861
22.3927
22.0647
27.0288
34.2253
28.3339
24.4336
27.7987
21.4477
21.1124
24.5688
21.8252
30.4064
27.6271
59.6504
27.5827
28.2460
31.1206
26.1741
29.1762
28.6854
36.4109
37.0876
35.9095
40.6789
36.0786
41.9773
35.3461
46.8662
46.7864
33.9023
39.1882
36.4006
36.3226
38.3344
42.5069
44.7050
41.6054
45.3893
39.6359
47.9253
44.8404
42.0432
52.3066
44.1376
47.1109
43.4500
54.7895
52.6730
45.4021
40.1318
51.3162
82.4641
46.2891
58.0454
48.4710
53.9004
44.8372
45.4281
49.7269
53.0985
48.6394
51.1304
50.8540
52.7106
51.8370
53.3046
123.2929
55.7242
61.0126
65.5659
62.0713
59.4324
55.8705
69.8524
57.1649
57.0681
54.8678
63.4293
54.3233
49.8362
68.9890
59.5214
52.5143
50.2512
68.8183
67.1733
62.6135
37.2169
42.8107
22.6997
65.2825
39.1966
45.4423
32.6035
61.1375
83.5749
33.9846
35.6095
38.8589
44.0927
44.6243
30.2622
36.1532
33.5001
52.3894
32.3353
36.0022
41.3275
33.5223
32.3767
22.3432
34.4684
25.7569
27.2896
27.3716
25.4051
27.7012
69.7279
33.5429
36.9511
34.1465
36.2667
31.9538
31.9909
35.6612
31.1552
36.1656
35.4963
38.8916
38.8783
50.5291
48.3272
44.4201
47.0175
37.6328
49.5846
45.5453
52.0829
35.0399
33.7963
39.2763
34.4120
40.1176
36.1986
39.6847
38.7647
38.8026
43.5915
41.5595
42.7781
43.7142
43.5937
41.1846
54.5562
53.0386
45.7548
41.8366
42.1405
43.8601
51.1297
59.5757
46.2975
45.5110
49.2318
48.7123
47.8469
55.7220
46.3031
41.1266
46.8952
44.3063
49.0255
50.1283
48.7369
47.4971
37.0817
45.7795
45.2764
57.5348
44.5727
46.0189
48.5246
47.2936
54.1175
47.9651
26.5892
41.7702
43.2046
39.1415
31.8441
6.2668
32.7771
32.0982
18.3841
19.9622
35.9029
18.4012
31.0849
27.0494
20.6669
33.3837
19.1164
25.8339
32.0336
20.3731
21.7005
31.0270
28.4472
22.7169
25.0756
28.2696
27.3369
27.3586
35.3542
26.2699
29.4966
31.1334
33.0701
31.1347
37.8170
35.6424
31.7707
40.4385
23.2593
28.4061
21.7682
25.0413
27.1750
35.9717
28.3546
40.9430
31.6554
29.9340
30.0734
40.8550
34.5509
37.7842
62.3992
40.9906
30.7756
40.4358
39.9076
34.6315
37.2160
34.6254
51.2049
23.9035
38.1598
28.8992
44.4874
23.8144
38.4858
27.6933
28.6374
24.8193
20.9116
43.1272
43.7277
27.9296
21.8723
35.7872
35.4512
34.1658
29.7228
17.0621
25.1867
25.2673
23.9092
37.8490
20.6520
30.0035
20.5643
26.1433
31.3916
19.4351
16.3669
23.6484
24.7840
20.4739
18.7072
24.6975
30.9146
20.9451
19.5892
22.9979
15.4684
21.6533
29.8880
22.4149
20.1577
33.8641
22.6478
62.8364
31.9768
22.1885
36.0394
22.1959
48.2275
25.6237
22.1369
20.6576
35.7425
19.0937
13.4662
22.5258
33.6323
25.6305
24.8670
18.2723
22.3993
21.9688
21.4823
32.4187
27.6792
24.0529
25.9729
31.3015
22.8946
33.2762
30.2946
25.2418
25.2977
19.7979
24.3738
23.5217
19.9517
28.7599
25.4004
20.0522
29.6533
21.9987
17.4655
13.6512
30.7524
30.7132
24.8802
18.8348
47.2089
26.1051
19.5892
22.1387
20.5334
16.1253
25.9060
31.2851
29.5591
32.3217
30.6955
25.5018
26.3279
27.4062
30.6774
29.0093
36.1634
27.5718
38.9405
28.8975
34.6434
31.3511
32.4038
37.5271
36.8408
42.9591
38.2430
36.1379
33.1329
28.2364
41.9828
30.6607
44.2570
30.1083
39.6425
24.9472
55.5694
29.6093
47.2189
29.0761
67.0094
26.4043
41.2291
24.5947
27.0916
28.0790
36.7008
28.9226
31.2964
34.9779
31.9369
40.7894
27.9912
40.8274
35.8126
42.1634
37.6107
38.3650
42.0771
30.7882
39.2683
45.6681
35.9832
33.4512
37.8611
38.8529
30.7022
37.3965
123.6826
36.3945
40.3704
42.7359
39.0614
44.6447
27.7836
42.3994
29.8702
30.0708
27.0901
32.1569
33.4018
25.5246
37.0689
28.9689
40.3921
26.2036
24.4195
35.5791
37.7746
39.4403
28.9588
28.6512
30.4046
33.0158
26.9348
28.8891
23.8712
15.5476
22.3392
20.9947
26.6798
23.5988
22.8681
25.9664
23.7961
16.9612
32.4665
26.9105
23.2541
28.2937
27.8535
25.1486
26.6105
25.4132
37.2781
30.8353
20.4126
38.9687
36.4576
15.9112
37.9766
25.5260
40.3901
15.6389
29.8969
33.3464
18.5869
34.6649
17.7822
34.7809
18.7179
15.6859
30.4958
39.1236
17.2742
14.8505
20.8818
25.8582
16.6801
23.6416
26.9637
34.7427
27.4940
28.8017
29.3579
26.7536
24.0717
32.1731
25.0224
27.5405
54.6187
37.4519
29.2517
36.3333
30.4739
30.0177
35.3507
33.2695
32.9374
40.9150
36.0899
35.3394
27.1633
19.9331
19.4001
39.2188
59.0556
34.1557
21.3101
30.8534
35.9196
30.0863
20.8136
24.9398
22.1051
27.5359
28.8565
23.9049
24.5359
28.1071
25.1833
37.1529
24.5377
23.6594
39.3208
37.4673
27.3659
21.5652
25.6597
27.6605
29.7444
33.4572
29.3025
27.2915
29.9007
24.2161
39.0682
25.5587
23.3848
28.8592
32.2396
21.9364
19.8972
20.8282
31.1269
19.0954
19.6586
19.6222
25.8454
21.1467
26.6748
30.2321
22.1930
24.3699
26.8866
34.0177
34.2111
38.6299
27.6923
18.9444
36.5423
27.8743
24.5231
22.3014
32.0139
38.7898
24.6714
32.7133
30.3872
28.2643
36.2904
34.8325
27.4914
29.1672
33.6408
26.4441
30.0267
33.4024
33.1511
32.9170
25.4315
32.6957
35.7726
28.6410
31.8722
18.8567
37.0331
28.0692
23.8422
19.3161
35.0704
19.8982
34.3317
34.6269
25.3116
23.1422
30.6672
27.0732
28.8596
29.5532
24.1494
32.3105
33.9967
36.1108
39.7768
31.4442
30.4241
36.3265
29.1880
26.7079
42.7393
27.1293
28.0825
41.8227
27.7840
32.3915
42.5231
35.5847
35.2146
36.7991
33.6761
34.6392
26.4019
28.3698
27.9585
26.1876
35.0705
14.8709
38.8507
39.8940
40.5290
31.5625
30.8038
29.5303
32.7371
37.6193
38.1366
31.9471
32.5893
33.2217
33.0533
36.0968
72.5004
28.5703
30.0657
27.5661
43.0387
32.6638
33.2517
42.8160
20.3106
31.8663
40.8333
16.9442
21.0702
43.5608
23.4981
19.8136
14.6894
20.4932
27.4799
22.0939
16.6706
28.9132
20.6402
22.9867
21.0540
19.8001
25.9921
28.9964
30.0600
33.2572
27.1116
24.7699
24.0053
30.8511
36.9854
32.8635
29.7058
31.8046
36.3510
34.4145
36.6137
36.4607
32.5966
31.5539
45.4599
40.4784
31.0961
36.9439
35.5404
39.5136
41.1180
36.1600
35.8488
40.8717
34.1555
35.3296
35.9490
40.7035
40.5870
40.3375
39.9821
40.1262
42.2521
42.4066
39.1524
70.9985
35.9705
42.9198
40.0955
39.8546
48.5514
26.7798
46.5732
29.1549
38.3742
20.3850
27.7003
34.0485
26.9152
23.6279
16.0023
24.2940
19.7824
34.9976
32.5561
22.6536
64.6705
22.6313
27.5804
30.9428
15.2973
18.1146
28.4304
57.4531
26.8694
19.1692
22.3141
28.1707
21.2487
17.6074
34.3479
30.8935
31.5098
29.4144
29.4985
27.3350
31.0516
18.1982
18.4422
16.8286
26.5476
20.8597
22.8045
23.4828
20.2498
23.3602
24.5468
35.5516
25.3214
30.2751
27.7735
34.2132
20.5892
22.7752
22.8828
17.7255
20.6417
21.2403
39.6678
20.4320
36.1470
21.8812
28.3400
19.8265
24.6633
25.7761
23.7454
18.2754
20.3776
26.1178
23.3213
30.4975
23.5479
29.1311
22.5859
35.2020
27.1209
27.3454
30.5953
20.0087
35.5426
30.2888
34.6372
28.3844
25.7714
27.6280
27.5898
41.8433
31.4981
29.6722
33.8187
36.4721
27.0871
27.3141
28.3107
36.8107
38.8702
33.3369
31.0726
33.5559
35.5037
35.4927
34.4967
37.2205
34.3095
43.3440
36.2993
35.1830
38.8155
26.6676
30.6709
36.6016
31.5428
29.6438
35.4824
37.0364
37.1259
36.7548
36.9815
35.1854
29.3319
30.2801
33.3555
34.6572
40.1723
44.5671
44.4841
46.0529
31.8906
40.6661
20.2732
27.3559
38.3780
25.6758
39.4567
25.7471
29.5842
26.6820
27.2108
41.9695
25.2153
35.2951
19.0852
34.6535
21.9760
23.4208
22.4370
22.5923
30.9191
32.4710
25.5651
26.4270
22.8552
22.9843
25.0096
31.7943
25.1016
21.1612
32.5332
26.1537
26.3001
31.4694
34.6259
31.1165
36.4733
39.2338
27.3391
34.9401
40.7869
35.2923
31.3254
38.3423
27.9670
32.7088
42.9555
30.3413
37.7783
37.9424
33.1138
33.2265
37.3553
40.2236
30.7342
28.6175
37.6066
31.9457
37.3618
30.3454
29.5661
66.0840
35.9619
31.4867
34.0099
40.4499
27.4075
33.5413
32.2025
39.8189
38.3673
34.7210
35.1774
35.7767
31.2952
25.1341
35.5045
31.8857
37.1692
68.4579
27.6596
30.6797
33.3105
23.3736
20.6878
31.1222
20.5033
24.2080
12.8126
21.0659
29.7059
29.4248
36.5021
31.4169
18.5653
18.6286
18.5297
21.9122
27.0231
21.7081
33.2480
23.8476
18.5984
20.8999
30.0725
27.9736
33.4559
34.6551
33.7336
37.4736
33.3500
31.0667
29.6327
30.2186
33.7283
26.5741
32.9244
34.5266
33.4896
61.1741
26.3905
42.6932
30.1963
34.3882
25.0446
25.1876
37.0132
36.3185
23.6103
26.2247
26.4768
30.3927
25.8217
30.0680
35.2596
37.5399
26.8924
22.7433
31.4158
28.7608
39.7961
37.2035
36.1369
29.8558
30.4900
22.8068
37.2167
18.3159
26.2244
23.3454
37.1523
20.3174
19.1530
26.1095
26.5603
30.9738
21.9691
19.2425
22.3158
17.2190
17.9138
34.8979
21.1424
15.8312
14.3164
30.0477
16.3549
23.9895
29.1196
25.5185
30.5559
23.0843
28.9261
34.0731
33.8092
30.8046
30.1007
27.6019
34.2119
29.2112
30.9903
33.3272
27.5554
29.0591
18.5401
40.6626
19.1407
33.3512
18.0222
27.1010
18.6959
32.7088
18.8033
20.8620
13.8150
19.5529
20.5204
22.1458
21.5701
18.2228
25.3998
30.9881
61.7505
18.6060
18.9035
16.0609
18.3742
17.2765
19.7385
15.6241
27.2562
15.5003
23.5073
18.6056
16.3307
17.8895
12.5174
30.5630
20.3480
19.1141
20.3776
16.7288
29.2368
23.5633
35.7702
21.3963
34.5183
16.0220
30.3798
23.2050
25.8764
25.2841
24.6942
32.1794
57.6943
19.6833
23.9470
27.0393
32.7615
23.0476
24.2617
21.3802
28.2519
32.4779
24.5657
25.1981
14.0512
27.2293
28.2352
31.8183
27.5657
28.3584
30.8697
29.2033
29.4677
24.8525
35.2442
29.6705
28.7522
32.5060
27.8912
29.1237
35.6612
12.9838
30.4947
30.1726
34.5826
34.9077
19.0085
42.8287
41.7592
21.4068
36.1889
22.8274
36.6548
21.1202
24.9270
24.7264
24.3339
30.3684
30.2558
32.6263
37.4076
26.2758
27.4524
38.6740
44.1279
34.7337
24.4390
24.5281
38.3466
40.2429
35.4012
26.1865
33.1661
28.5159
63.3323
21.2021
35.4302
18.9044
32.7237
21.6349
28.7086
20.7592
24.6016
24.0194
24.6488
25.6086
26.6059
33.7787
24.4157
38.8812
26.2320
26.8602
15.1308
23.0439
27.4278
22.2465
23.1293
47.5481
22.3577
22.5567
40.9200
25.4691
26.4578
26.9366
23.0988
13.9420
18.7245
19.1497
26.5209
21.0159
23.9129
27.8805
23.4958
25.8002
32.5753
20.0348
19.5964
21.0373
26.8052
23.5193
21.4748
21.6780
24.2519
24.8182
34.3290
25.6994
29.2211
26.5679
31.5718
11.4532
19.0633
31.7575
35.5910
23.3055
38.5672
25.6559
36.1898
26.0009
27.0990
24.0044
21.9434
24.0493
22.6250
45.2106
26.1786
20.7465
17.4919
14.8417
17.6904
21.4126
23.6374
23.7765
16.1559
21.6564
25.8767
22.6400
22.7270
26.6251
52.5651
32.0048
25.2682
22.7730
26.2097
34.4165
45.7592
28.4020
26.2739
37.7294
19.1214
23.1083
28.6941
19.6842
29.2966
18.2735
24.9202
20.6676
27.4130
24.5346
10.8028
26.2497
31.3235
33.3389
30.4828
33.5570
28.4951
31.1159
31.5720
20.5394
20.7708
30.0710
34.3024
23.4038
46.9334
22.5039
25.3233
32.2129
20.9533
26.5615
20.0660
19.8075
25.5285
19.5219
31.6326
30.3646
28.7996
18.9509
19.8955
21.4130
21.8321
23.1043
17.0618
27.2531
23.5701
23.8870
14.2789
6.4056
32.1237
19.5385
24.5417
16.9382
22.7523
9.0229
23.0070
23.2774
27.8641
21.3266
30.4613
18.3937
15.7203
29.4866
35.7429
24.8869
38.5877
3.3516
25.2935
18.5898
17.3275
30.1159
19.5307
28.8827
18.1883
31.1455
16.4132
26.0515
18.8790
20.1256
23.9778
22.6131
23.9693
29.1298
26.5642
26.0079
26.5381
34.7079
27.6828
35.2291
26.8212
22.7866
27.1697
12.2755
31.9455
29.8536
26.3328
50.0850
23.4939
33.0100
27.9387
26.7416
30.9677
26.9358
24.1734
27.9508
22.4136
33.3258
17.3277
32.5489
51.2122
18.1176
26.8799
27.5014
12.6445
17.7777
11.0064
30.8931
31.3596
23.8144
19.9697
28.9039
18.9689
24.1996
18.5052
20.6005
29.8876
20.3082
19.3527
19.0416
28.8792
17.6097
26.1054
21.7091
26.3099
22.4819
23.6168
24.2944
43.9646
20.5683
24.7098
31.1555
30.0416
14.0018
20.5001
32.2291
51.8560
31.7517
23.4378
17.1504
18.4071
33.7455
24.2232
5.4465
20.4470
26.2131
28.0050
23.6420
28.5185
17.6484
30.9734
9.1900
16.5274
19.8783
27.6786
17.1368
28.4742
22.8767
19.4656
31.3867
37.3847
17.5891
25.2382
23.6111
28.9227
21.1553
19.2110
19.4576
21.2982
27.2181
30.8176
17.7694
27.5525
24.8899
19.3404
22.3163
17.9555
21.3174
23.9630
17.5146
18.6640
27.9961
22.2793
16.9804
19.2898
36.7219
18.3652
21.2000
21.8967
26.0386
27.4534
24.6968
22.3000
31.6696
30.5757
29.6892
33.5835
28.7880
41.0721
31.3368
30.0366
19.6923
31.6611
27.0120
35.6479
15.9727
17.4795
23.0982
13.6974
17.5807
28.5206
21.2671
24.0528
16.0255
24.9259
22.1499
23.9686
25.6310
24.7018
26.7160
67.0993
32.4598
19.8481
25.3809
34.7318
26.7012
33.2073
30.3403
30.6239
34.7914
34.2066
28.2433
28.2458
25.5119
26.4112
32.2490
29.5257
36.0186
36.4519
29.4375
27.0654
36.0003
23.8838
19.9934
32.8657
27.3428
38.8242
42.5606
24.2448
42.9134
26.3844
27.8278
26.1919
30.6329
24.8928
28.8678
41.1501
32.9543
22.4292
24.0777
22.0646
21.9858
25.0975
27.1247
24.6276
25.9973
26.8884
32.7564
31.0972
35.4212
33.5191
32.8278
40.2210
39.6494
33.1206
33.7020
26.1269
34.7701
45.8813
37.4310
32.4812
38.5761
57.4632
35.2024
29.3514
30.3033
23.6841
43.9729
33.4049
26.9401
39.5439
35.2341
31.1471
27.7669
62.3638
15.0516
30.8094
31.7052
58.1143
29.7635
21.9679
64.6513
24.2410
25.4570
19.4397
19.6803
19.2703
30.4828
32.2283
24.6787
21.8408
27.5035
34.4549
21.7892
24.4905
28.4951
36.1734
36.7554
24.9937
27.4259
34.2084
30.4796
25.3719
18.5033
29.1863
24.0936
34.5962
25.3136
34.9885
26.4753
27.8426
29.4067
29.2549
35.8664
19.9143
19.4252
32.0142
25.0981
22.6894
28.2651
19.0372
21.6392
20.9900
21.1957
23.2674
22.4323
21.2752
18.0025
13.0202
32.1968
19.2977
27.0419
17.8196
20.7379
20.0782
24.3432
32.6577
25.0656
28.3787
23.0611
33.0978
21.8735
31.1597
23.6941
33.5248
21.2485
24.0064
31.2902
25.3882
30.5890
23.4639
28.7537
36.4737
30.0281
36.5101
30.9538
27.1045
39.1605
29.3048
35.7793
29.9320
30.4107
24.9549
32.3884
40.6137
31.2297
36.3468
40.9105
38.5028
39.0121
37.3636
44.5528
37.3909
40.1942
41.4636
52.3578
40.7512
46.9176
41.3655
62.1436
39.5400
47.7702
39.6754
44.3373
38.9271
35.3570
32.7623
28.8473
30.5823
48.5259
26.8115
32.5866
20.2310
36.7921
39.7070
29.4905
34.7997
26.8503
38.6203
35.0545
41.8717
27.3367
40.0063
31.6789
29.3091
34.1532
27.6893
37.9303
36.0596
26.5243
27.1945
21.7164
26.6249
54.6553
25.8929
25.9220
26.1628
24.8226
31.1285
27.4223
22.9533
33.4474
40.1774
30.9455
30.9421
26.4473
30.6535
23.2365
25.3688
29.7183
29.3117
26.7184
23.7695
32.5061
28.0284
25.4615
26.7543
26.2561
30.2293
25.1729
28.8804
28.9626
28.2526
31.1036
21.8275
31.5782
21.0302
60.4520
21.5863
11.1462
29.7202
33.8817
21.2794
22.5612
37.4101
24.7068
38.7306
25.3898
27.5661
22.1957
30.9053
24.0305
36.3392
28.8697
31.7044
29.0178
24.2691
29.0131
22.5412
16.7022
34.7310
40.0232
29.3410
18.1481
17.9695
27.7079
19.9356
17.9866
30.0288
20.8828
19.5047
21.7297
25.9076
22.0940
19.6805
25.2151
25.6529
24.5212
27.5121
23.1791
32.2992
30.3766
24.2312
23.1333
27.7603
29.9101
27.8063
35.5476
33.1973
35.9380
33.0938
42.4192
32.4771
32.7368
34.0979
38.8951
76.0169
35.3697
38.0336
40.0726
43.1290
39.1431
36.5584
36.9416
33.0593
37.7781
41.0316
31.2535
40.2587
34.5444
35.8390
32.2483
39.3594
34.9024
32.4270
44.9549
37.1815
34.3674
38.5820
39.9782
47.8027
40.4186
40.3468
43.4069
42.4124
49.8579
43.7176
40.6536
38.2310
32.3077
57.4505
39.5620
59.2994
50.8478
38.9737
49.4257
43.2117
38.0060
41.9858
43.0262
52.4574
35.7637
44.2820
37.0245
46.1692
42.0267
45.0693
46.5230
48.8579
41.4524
40.5145
44.2035
52.3738
46.8789
41.1667
52.7822
44.7517
38.6855
54.7277
41.9168
39.1986
44.6243
44.8485
42.1474
45.9857
46.1418
44.3753
43.8276
48.7026
48.1132
50.3028
53.9249
55.2864
54.0560
55.4218
56.9878
42.5376
55.6843
55.4788
55.6111
57.3057
50.2267
68.4656
55.1150
56.8657
44.6634
58.5860
63.4313
60.8822
67.6469
58.1296
63.6874
69.4018
72.5575
62.5108
62.6756
65.4023
66.8211
60.4326
51.8959
50.9763
73.2834
49.0620
38.3554
58.3831
44.7641
62.6215
56.8799
40.1109
47.5077
42.9362
48.7546
33.6540
50.3480
46.2135
44.3441
51.7875
36.4249
36.6523
58.3613
25.0604
38.8287
24.8364
25.0927
73.7044
34.2980
25.4664
25.5402
3.3592
18.9699
26.5549
25.3228
30.5314
30.1530
20.4262
18.9251
10.9256
20.8208
25.3611
24.4427
25.8824
28.1561
32.4123
27.6537
35.2987
29.5804
26.5987
26.7066
30.9978
30.9680
42.7127
36.4647
35.9577
39.1281
44.4417
49.9781
45.7049
37.3438
37.0767
46.4645
37.7386
48.7644
51.5796
53.1082
46.0858
43.5144
47.0836
41.8868
43.7663
43.9135
32.0781
32.2050
43.2893
37.0842
35.5121
32.3221
34.5692
39.7074
44.3216
46.6340
30.1036
42.7076
39.8832
40.2168
40.3195
43.0336
42.3628
41.8416
44.2079
46.1279
50.0255
36.4267
54.7297
58.6215
49.2396
72.1256
57.8019
50.0987
56.5530
60.5227
45.9859
130.9403
39.2388
59.9843
50.8016
50.0699
38.7171
89.1874
36.3590
61.4835
40.8827
39.2799
42.9767
33.6498
21.9884
36.3346
46.6440
24.8823
33.7824
23.7810
23.8427
17.0707
24.3240
35.4303
21.0421
23.8585
24.3181
24.6432
28.9036
28.4084
17.9879
35.6355
36.5356
26.7684
24.2873
26.5140
31.2198
25.7533
14.1522
23.6402
21.9120
22.9519
27.1905
30.7361
29.3384
34.4363
33.7271
29.1268
28.9630
31.6048
20.4910
36.3581
39.6437
29.0674
26.8109
20.5500
24.3215
20.1836
28.4807
26.0241
20.8110
24.2328
26.4279
27.2550
25.9277
28.7603
25.1912
24.3799
20.5481
35.2643
23.0838
20.9695
24.4946
19.4599
23.2054
20.8426
24.6583
6.3903
26.6697
32.0125
25.8181
26.9347
32.9479
36.9574
25.9018
36.2224
29.4724
27.4482
19.6394
20.9366
24.6164
25.0365
21.8201
20.6228
16.5528
22.4734
25.5424
22.0389
20.6816
20.8252
20.0527
24.4163
15.8491
29.3421
28.7013
20.6315
20.5992
22.2813
26.6785
32.2868
34.4181
31.2711
18.2417
19.9868
27.5504
24.3631
29.8105
21.2423
23.4827
22.5133
31.3142
28.5250
31.2393
23.0382
30.0081
30.0253
24.2667
32.4304
33.1241
36.3180
28.2246
22.4717
29.8711
29.2502
17.8519
20.3316
18.9272
30.3196
19.9275
25.5716
23.3509
25.3992
18.5246
21.4478
18.6761
34.3583
20.3511
23.5795
36.2054
23.0224
21.9093
32.4523
19.0268
19.7667
26.1859
30.2675
19.8332
17.9261
19.0149
25.7135
34.6797
31.9246
35.6328
21.7887
23.2190
23.3550
32.0712
33.4961
25.6585
25.2485
21.3259
13.4519
20.6821
30.7555
15.8982
17.8215
22.9392
17.6927
20.2362
19.1271
19.4544
24.2772
23.3619
32.6713
30.0488
33.8387
29.5515
29.8183
34.0108
39.6157
15.8502
18.5010
18.8139
12.8300
25.7406
22.0458
39.8151
26.1247
18.5981
22.6433
23.3955
20.5989
18.1341
17.8401
75.2144
21.4009
18.2613
17.7597
26.4087
21.6163
19.9383
18.2036
24.5406
21.5115
23.3384
27.7704
25.4030
14.6902
32.6858
25.2386
23.3311
30.1691
22.6215
26.3155
25.7163
23.3759
31.2934
32.7643
29.4765
19.4188
22.8715
25.8215
28.4609
21.0847
28.4180
26.2085
25.8597
29.0025
32.7598
29.2087
20.2032
37.9842
39.3332
27.8062
22.5721
23.2762
20.8126
20.7357
19.9854
29.0184
29.6271
21.1111
27.5067
20.6441
22.7385
28.8140
16.5438
25.8931
25.9795
36.1539
28.6207
28.9051
32.9712
29.8406
27.0435
120.6856
31.9085
29.8914
31.3345
29.8749
22.4877
22.6280
30.7209
29.6802
35.0418
29.7587
33.7776
38.1930
30.3337
33.4111
35.9757
25.0748
25.3015
38.5001
18.8649
15.9413
45.7964
19.9817
26.4066
18.8300
35.9021
17.5470
23.9897
24.7556
21.6107
30.5163
32.2229
18.5492
30.1512
37.0483
20.9917
22.5384
16.0988
21.7086
21.4786
62.6471
35.8892
22.2380
22.9670
21.5667
28.1688
25.5980
22.8929
25.1102
27.4013
29.9809
37.0432
29.6873
37.8745
32.0725
33.7119
43.6225
34.8587
27.7246
45.3284
44.3910
44.6130
33.4922
33.8151
39.6129
42.5751
41.6969
42.9027
37.6729
42.8898
41.6418
49.0305
38.1561
42.0713
42.5014
43.8212
39.5631
42.1711
51.2600
55.9581
40.0220
32.0535
33.7627
81.5338
41.4785
33.9216
36.2042
36.3057
22.2348
37.4732
13.3576
23.9889
38.3328
25.1452
23.0093
18.2878
20.4391
16.8621
20.3765
21.8022
21.7928
28.2800
25.1493
19.8985
20.6790
31.0441
26.6525
22.9115
36.0402
20.5567
28.7139
21.4989
17.2260
26.6655
19.1510
23.0405
29.8943
18.2552
21.2776
26.4278
18.9254
17.8503
20.0949
28.5767
51.9197
21.7890
20.0424
19.5882
20.2356
20.9981
19.0746
24.5530
19.9842
22.0421
25.2361
19.2593
17.7517
16.9584
26.1516
17.6066
61.0853
24.2789
11.4899
29.2511
26.6342
18.3222
19.0872
23.4462
23.9403
23.0589
34.5569
30.8114
26.4061
23.3199
32.8896
21.1030
17.1246
20.1898
23.0154
21.9695
22.4966
30.3301
24.9384
21.8707
26.4155
26.4503
22.2401
30.6790
32.0851
25.3824
21.6896
21.7145
24.8406
26.9298
25.4162
25.9207
32.7223
22.4931
21.7441
27.0271
32.2790
29.6504
29.3263
22.9511
35.5061
40.0851
29.4773
36.6824
29.4962
29.3579
27.5385
32.9748
35.9127
28.7144
27.5909
60.9857
28.0382
31.2922
33.0005
34.8378
35.9632
32.7178
39.6774
37.2907
43.7827
38.8503
41.7278
39.6430
42.7956
49.1142
40.7706
35.3430
48.7972
36.5354
51.3084
41.8047
40.3032
39.3625
44.2965
49.5880
46.8353
48.8384
52.4978
42.5067
42.5176
43.1739
55.4402
25.2439
38.7561
25.7981
27.1739
27.4358
25.9005
20.0061
33.5551
30.9736
21.8343
34.3180
28.2760
27.4024
26.2777
26.5408
60.0624
24.9663
32.8699
21.0944
21.1823
24.8069
25.0517
36.7312
29.4426
26.7542
21.2335
26.7294
23.7035
41.0321
31.3247
24.5902
26.7465
30.4933
36.6715
29.4470
33.2410
34.0983
34.8751
31.1399
32.2489
32.7466
34.3949
39.4799
39.5847
41.9105
41.9414
39.8119
61.1743
43.1535
40.1321
34.4165
49.2916
35.1593
31.2510
33.0276
26.9017
26.6292
16.4305
48.2046
21.3796
20.7376
17.4434
16.8113
43.8468
22.9949
16.2951
21.9591
23.0841
26.1956
28.6458
22.7133
26.5089
18.4101
27.5043
18.6293
18.3392
21.4032
18.7559
23.8290
22.2985
30.3033
17.8995
20.0679
22.7857
33.4722
20.4835
19.3822
22.6350
28.6270
27.3524
20.9758
17.2542
24.5169
44.9300
20.7531
25.3661
16.7878
28.1273
21.3420
20.8825
24.5325
16.9567
50.5823
23.0539
25.5001
20.8682
19.9267
20.6879
16.8240
29.5752
25.5102
29.0505
19.4215
21.7205
20.5020
20.9027
19.8746
23.5236
29.5176
14.0359
27.2844
29.3890
18.4588
20.3961
18.6173
31.7168
16.9886
22.7871
28.7399
25.9886
26.4742
28.9341
26.2468
27.1132
24.3816
19.6493
23.1724
27.3139
28.5431
31.8293
30.7713
22.8899
33.4318
35.8203
26.8256
31.1786
29.6730
32.3095
34.7958
34.5209
33.4277
36.4949
42.5539
35.0283
42.9754
41.9804
33.8211
29.2109
46.9336
37.9837
30.2081
29.1596
34.6216
32.1001
35.1607
42.9683
32.9281
32.9958
32.8068
38.1024
35.2205
41.2490
35.1777
82.9596
42.6997
46.2990
39.1564
35.0753
19.2272
37.1129
30.2175
49.5397
44.0337
40.7821
32.5092
38.8627
29.5049
42.2251
40.6576
29.8356
29.2619
41.3334
38.4261
34.8455
35.2096
35.8486
37.4423
35.7977
41.5880
31.7918
32.8400
40.9312
31.7876
31.8878
28.3725
41.1255
27.0690
28.2688
22.5831
27.7012
30.3114
31.9775
35.9256
30.8828
35.3002
37.3923
26.3544
26.8766
22.0001
21.9998
11.4637
18.9627
16.9033
35.1134
25.9641
20.9213
27.1058
16.6845
21.0585
30.4763
12.9174
22.7987
20.5715
8.6449
29.8971
30.1369
23.4912
24.2607
26.7352
24.6627
18.4484
25.9359
19.7485
25.2102
18.8371
21.6271
23.6673
22.6824
24.9734
26.9436
31.8023
26.1757
55.4327
32.3616
29.6984
66.0228
34.1309
26.8303
35.3470
31.7070
37.0637
19.7404
21.0422
20.7541
19.5461
13.8303
34.3514
18.7649
18.3428
18.0749
29.8278
28.5870
21.3772
29.2834
22.4586
24.9658
24.6400
29.4751
29.5979
31.2224
31.9246
32.2536
40.6439
29.8356
32.7650
28.0071
33.2395
26.3224
25.0255
45.1483
35.0252
57.6655
28.8194
22.6863
32.1583
31.5175
27.3915
28.1199
25.1104
32.4834
32.9539
34.6254
30.3995
36.2666
31.2498
31.3862
36.2768
34.2827
37.2403
34.4438
42.5655
27.7549
37.9308
31.4846
32.8659
31.5732
34.0703
34.4664
34.9040
29.2416
30.6538
38.4682
47.1430
29.9027
24.3067
45.7340
27.0215
29.4431
25.5107
22.1851
23.1919
29.2947
23.4905
43.2190
39.4490
23.2976
17.7982
34.8722
25.7567
24.2052
26.0825
30.7625
25.5471
21.7900
24.3363
24.1829
31.9538
33.9274
26.5723
20.4538
20.5728
21.9876
28.9004
20.3698
23.2060
21.7617
28.1716
33.0010
16.6687
32.8975
24.8042
20.7183
22.8527
18.6707
21.5728
37.7934
23.4550
21.6661
19.1457
13.7596
28.1871
18.9906
14.5330
16.5349
21.4417
22.1630
22.7511
23.5844
23.1950
21.5115
23.9014
21.9912
32.1936
25.5929
33.6462
25.8006
20.0656
29.0351
26.6619
28.5450
33.0385
29.9284
32.6719
32.0716
25.9109
38.5780
22.9358
22.8260
54.7793
23.6637
22.1723
64.0245
39.5489
17.5233
30.2663
23.3712
23.3292
27.2392
28.0404
19.6559
23.8656
20.5832
21.7412
21.3214
20.4054
64.8684
21.6546
17.8782
25.8794
23.0916
31.5754
27.8184
19.5597
17.3698
31.4893
18.6900
17.8330
47.1497
16.9156
26.1465
25.0557
23.8781
27.1016
60.9300
36.1824
18.3689
21.1278
22.8416
25.7914
15.4399
18.7815
24.1012
18.9242
25.2016
32.1814
26.8033
23.7302
9.8305
26.3836
29.6946
20.5064
22.0092
24.0882
26.8629
29.4460
22.6568
23.8442
29.6220
23.8276
28.3860
19.8264
30.3507
25.0908
23.1561
23.8204
23.2908
20.5482
28.1979
32.6032
31.3096
27.5200
27.4019
27.6040
29.4640
36.0569
21.8772
24.8199
24.1792
28.6281
22.2316
24.6362
18.9690
19.5224
22.6762
23.4418
27.0948
26.9604
27.3282
19.9762
27.8914
30.4167
38.3803
27.7230
28.8434
22.4550
24.3009
27.2002
22.4673
23.5866
24.2082
25.2244
26.1971
28.1247
122.6934
32.6078
37.7649
34.5357
40.1242
33.5550
37.5074
40.8263
42.1117
36.4803
36.0975
45.9052
34.4141
38.5106
38.4221
38.3140
46.4421
40.6092
42.1716
50.6356
53.1633
43.3387
44.2879
38.1825
42.6506
53.2478
41.2492
42.4406
44.7057
47.1109
54.7120
45.3730
47.1832
50.0816
41.6964
58.2373
41.4466
44.5290
46.8478
45.2549
81.4388
49.0049
52.7245
51.9590
51.8868
57.0688
50.6713
44.2029
63.0910
60.3837
53.4892
45.5542
51.4389
39.3181
40.2224
58.1833
51.8272
39.9328
34.6069
36.7659
50.1625
37.0897
45.6247
21.7156
32.1694
35.7588
33.8728
34.3500
40.0893
35.4266
44.1867
39.3026
25.7741
50.5472
45.5881
37.8235
34.9076
39.8728
41.0369
47.9306
42.0088
44.6999
32.4204
45.6069
32.5797
34.0939
42.6422
34.3975
28.9040
32.6571
47.2419
33.2249
12.0282
34.5680
27.7263
28.6945
27.8385
26.9568
38.8299
29.5065
15.7278
18.0144
23.6650
27.0131
23.3393
28.3457
24.3108
21.3513
25.8504
19.0560
27.4833
32.8616
27.1069
28.0885
27.3001
26.1792
29.7700
29.9103
29.2946
25.3933
16.5397
19.8521
19.6592
23.8640
21.0743
22.6640
24.5241
26.1963
30.0744
18.4483
23.2908
26.6664
25.5404
28.1251
20.7005
22.0447
25.5048
18.0292
18.3238
20.7382
21.6880
31.8248
25.2122
28.5664
30.7431
27.7922
34.0688
23.5219
30.9479
33.9907
53.9525
22.0804
22.1603
29.0049
30.7343
29.2883
31.8412
38.4290
28.3647
34.5131
20.1689
24.9468
28.2886
22.9050
28.8724
28.4551
10.1186
29.8238
23.7617
32.3513
22.7467
24.7994
37.3298
24.4587
25.2729
27.3716
23.2239
38.1762
20.4412
24.5699
28.1256
26.7081
42.0619
41.0432
25.1385
25.5866
33.8444
29.6503
34.2114
28.0042
29.6831
31.4775
31.1707
31.3369
30.6096
33.1317
34.0052
21.7228
28.6598
35.7405
32.0354
20.6951
33.0261
32.5444
41.9531
34.8232
32.3507
31.4315
34.2575
47.3948
28.5424
32.7185
35.8039
29.1321
38.3274
45.0413
36.8345
68.3012
36.9666
22.7415
33.3224
34.2859
29.1724
32.1334
32.7868
33.8835
32.5125
32.7848
38.6961
31.6545
31.4061
32.8249
31.0102
39.8356
36.3954
4.3299
33.6977
25.4848
37.8230
34.0674
43.9347
22.3357
39.6577
25.5339
30.3315
30.4410
34.0814
32.0216
34.0842
30.1729
24.7923
34.4860
30.5489
30.0007
37.3145
30.2095
30.7031
33.5495
26.8471
29.5457
29.7015
28.4324
30.4231
20.9781
28.4616
58.7023
20.5059
37.2924
25.7497
30.6331
131.0818
14.1839
20.8919
22.8596
58.4331
14.9155
26.8603
21.8843
25.1727
25.6320
19.3312
26.3027
20.4352
23.1915
33.4345
22.4312
32.4111
27.2592
17.6999
27.6482
19.9581
20.6506
36.6466
20.3772
22.4478
28.6235
25.2055
31.1683
28.3355
28.1785
25.7331
24.9057
65.0049
29.5106
22.3461
15.5723
22.8128
13.1673
14.7381
25.1821
26.3089
22.2435
17.9539
21.6548
16.9230
21.0459
19.9927
26.9394
20.1249
20.5903
17.7981
29.1527
20.3149
21.6437
16.5541
22.2310
15.8757
34.0663
18.7820
15.9276
13.6432
29.0557
25.5593
22.8813
25.0815
16.6901
30.5006
35.6201
29.5741
32.3387
23.5828
21.1777
29.6024
27.2131
24.7510
16.1457
26.7906
22.3007
20.7673
18.8645
16.5313
20.5948
23.8646
24.1667
22.4933
29.3747
29.4734
22.7767
33.5200
26.0269
33.8980
29.0715
29.4609
30.2510
25.7934
32.1929
24.0691
34.0973
51.4803
24.1996
44.8592
26.0428
33.2594
39.6604
22.6387
30.5770
23.4775
29.4571
23.2787
25.0867
27.8193
73.1908
28.4602
25.3010
29.0254
27.4531
36.1004
30.0438
29.0601
30.6099
15.3576
84.6386
23.3028
40.0881
18.2179
27.5085
40.7949
25.3538
28.3908
24.2933
22.0355
23.2586
15.1067
16.6774
29.9891
35.9716
55.6478
18.5224
28.9812
17.7390
17.4388
17.7610
16.0422
26.9916
24.0964
26.2024
25.3052
31.8826
33.2968
22.8504
26.3641
21.9211
24.0892
35.0478
53.8271
26.5506
21.5940
26.9089
26.9740
18.8516
21.8754
21.2982
45.3705
19.8246
18.1120
31.8359
28.7350
18.1054
19.8530
17.7809
26.3944
20.0462
21.7437
14.5846
27.6992
21.0899
33.8692
19.8872
19.5915
31.1645
29.3810
27.4057
18.8673
22.7862
22.0523
27.2581
22.1329
30.9513
11.8362
18.0331
21.1731
20.0340
28.7356
40.0075
29.1872
38.0189
27.3066
39.5708
30.3069
26.7241
35.1221
29.3866
33.2472
48.1621
40.0467
24.7531
74.8430
15.0411
33.9470
25.4569
28.1496
30.4459
32.7193
26.1827
26.6187
66.5993
37.5207
29.8292
25.6812
39.2420
25.8033
34.8508
30.4068
23.6837
34.9715
37.6982
31.0611
29.4051
31.2300
30.2998
31.5848
34.1004
33.9729
27.4046
29.5609
20.8748
35.3467
30.3456
31.6431
39.1042
42.9594
25.3540
38.5951
25.5028
35.0387
30.7418
22.7669
16.9713
28.4984
26.3811
10.4300
20.2331
19.5895
23.7415
27.8943
18.9253
19.3303
23.0313
21.0919
26.6798
25.0691
28.7881
26.0876
26.0879
18.6974
32.6050
36.5306
17.8365
30.6059
19.3214
25.3700
19.4396
18.2117
19.2592
21.6490
21.5885
23.4248
22.7506
19.5045
20.0331
20.9451
23.4903
29.2760
26.4706
27.9256
22.1064
24.0376
27.2019
30.0480
25.3570
30.2667
24.6715
21.0104
23.0385
22.1479
33.7502
24.9349
19.8303
56.1547
32.1251
20.1574
26.2730
27.4204
24.7821
28.4182
27.8777
27.6908
17.8308
20.3381
51.8993
25.2703
69.0287
21.7498
19.7763
22.0874
38.9116
18.1454
19.7573
18.9629
24.0175
26.7971
28.6097
27.7936
27.8538
22.4512
26.6208
34.7115
48.1120
35.4149
31.9382
31.4611
35.4490
35.0243
28.8356
26.5891
39.3912
59.8436
29.4968
29.4850
20.6509
27.3090
24.1245
37.8903
36.4505
33.5115
32.7770
31.5227
35.0786
23.9025
37.7317
27.1226
29.8495
31.0333
36.6894
42.5109
25.9020
36.5251
43.0451
34.0052
41.2352
44.8865
46.9139
32.6969
35.0930
36.9278
37.5983
29.5152
43.4710
31.3001
28.5515
34.7631
34.8046
48.2273
37.0837
25.5311
29.0570
30.1194
31.9213
39.6381
34.8929
33.1761
39.1604
33.7980
43.0518
48.1563
24.5578
45.8473
41.8378
38.5767
33.2245
34.0514
34.7802
44.9420
47.4388
38.0677
34.4254
41.2329
33.0500
37.7215
46.1601
47.5835
40.1180
38.1274
42.3463
33.6861
36.0419
39.2698
53.1224
42.2429
42.5516
41.2272
37.8414
46.0986
41.3150
42.7194
45.3025
42.9939
41.3409
42.3249
46.2789
43.2483
48.9201
43.9229
40.5282
46.4846
49.7597
55.5730
48.7010
45.9848
49.7779
50.2444
54.8884
53.1726
45.4882
48.3592
47.3040
48.7731
59.9628
48.9409
58.7803
73.9272
50.6514
46.9158
48.3711
54.0995
58.7345
56.8401
57.8120
57.8527
55.9063
62.4166
53.6497
56.1703
55.2202
58.9441
59.2182
56.2266
65.2321
57.0021
57.3554
66.9427
52.2385
42.9388
50.1873
64.6273
69.1477
43.1087
60.4736
49.6347
45.3495
47.9038
46.8776
44.9059
46.1726
27.0319
41.0625
49.7668
49.8017
42.7805
44.3847
36.7544
54.9692
42.9879
45.1601
41.2029
38.3257
45.5104
57.2966
70.5547
28.3928
30.5916
31.6595
37.2188
17.3775
38.9521
39.2593
24.9558
40.4128
40.9227
36.9876
31.5599
38.3645
27.4780
62.9884
34.1341
37.5765
41.2629
34.9072
34.0591
38.8079
47.6026
39.2136
36.7715
70.0155
39.1636
37.0445
47.1766
37.5982
40.4142
47.0479
40.3900
40.3919
37.4875
44.3010
38.8624
36.8341
47.1966
42.1847
48.1665
47.4624
34.0428
27.4183
31.2375
28.7293
38.9291
42.8322
18.0921
49.8286
43.1260
42.3278
38.6472
43.3504
37.9735
30.7509
30.7914
29.6323
39.1524
13.8016
18.1890
32.2016
18.2596
35.6138
26.7128
24.0168
56.1220
18.1591
15.1387
27.1043
20.0354
21.2074
17.2954
19.7444
19.7161
18.7457
25.2241
24.7759
33.2828
28.3567
22.1346
23.5709
23.8937
30.1196
23.0723
23.7371
31.1739
30.5254
25.7612
37.9380
33.6395
33.7711
33.2547
33.1660
36.9157
34.3225
31.7333
48.1907
32.0298
45.1065
33.6072
45.6080
26.7784
36.9314
26.6934
48.5802
30.9321
25.7519
36.2376
24.7894
27.6392
36.6669
19.5636
24.7793
30.8321
16.7792
30.4770
19.1333
18.7891
20.2025
29.6889
21.1977
4.6893
23.8177
32.2594
25.7395
15.2638
26.2724
25.2922
47.5994
21.7963
33.4762
17.7371
19.4351
17.9986
21.3361
52.2009
31.7593
20.0169
22.8554
13.5999
17.8829
13.0959
24.5924
24.0332
22.5481
22.4683
23.0330
27.8295
21.7755
30.8724
24.9381
25.4052
25.9475
26.0964
21.9546
18.3859
33.2037
35.1687
19.6580
23.5372
26.9662
19.2051
22.0432
25.1909
17.0598
21.0337
21.1699
20.4070
19.2613
16.4035
26.9827
29.7230
19.4436
24.5379
18.0002
20.5649
27.2362
25.9014
29.9740
31.3404
27.4465
21.2892
35.1957
23.5452
24.9025
21.0108
27.8260
21.3290
19.7487
42.0249
27.8246
6.4593
19.1053
17.0078
31.4378
34.0189
19.7792
36.6662
19.2451
20.8448
33.4122
16.9676
22.9617
28.7052
33.7890
22.5668
21.5615
22.9779
21.1724
23.3722
23.7582
28.2291
25.0983
20.0311
17.7951
31.5058
41.9268
24.0340
26.9980
19.7484
23.5066
22.9386
28.2893
24.3790
24.6125
23.4992
22.0931
29.6370
20.9588
21.0657
22.4081
21.9836
15.9356
16.2792
19.8376
28.7599
21.9472
17.3256
30.4825
33.2055
17.4682
21.2144
22.4293
19.9889
22.0125
63.3883
17.6473
23.8259
18.5541
20.3661
36.6384
22.6206
31.3484
21.5043
26.6952
15.7151
19.5802
25.1453
19.2520
33.3683
22.1431
32.5680
25.5971
25.4063
33.8112
24.6374
29.9680
32.8052
32.6638
29.6300
30.8080
31.3851
27.3212
25.1496
34.3925
35.4830
26.4286
23.3397
26.9086
22.8559
16.3341
26.4636
23.0730
31.9997
26.6945
26.6828
29.1743
33.5564
32.0098
38.0637
25.1008
25.0573
23.4163
24.2825
23.1115
21.0458
40.5327
20.9437
20.5611
20.8455
23.8591
36.5031
23.9024
35.9925
23.4000
29.8540
22.3760
22.9109
20.3700
31.8167
29.3868
22.1857
20.0900
29.4591
21.4352
21.6819
20.9840
29.5608
33.0560
23.5816
29.7697
24.2573
27.5341
19.9590
18.3268
26.6104
28.5908
18.5379
18.7366
22.8624
26.4768
21.7403
30.4084
26.5927
17.2470
17.9026
17.9289
23.5126
23.1494
17.3917
25.9188
25.0682
19.3849
18.9524
21.5063
27.6612
19.9296
22.2366
18.3346
19.2818
21.2140
16.0131
23.1644
28.0670
26.2821
30.9828
27.2369
21.5658
21.5930
25.2982
21.7112
18.5114
18.3602
20.5133
22.1618
32.4917
36.2376
29.4055
19.5041
17.6297
33.0067
19.9703
18.5721
20.1328
21.5118
20.7219
17.3676
23.9908
18.6519
22.9643
22.0370
12.6637
30.5530
28.9696
30.9893
20.1452
24.0090
19.8659
24.8542
19.2048
18.2253
18.0485
18.6990
21.3277
28.7521
18.4418
27.3112
10.5349
28.2629
32.7854
24.9414
33.8071
13.6911
23.5380
35.4855
26.1587
28.2935
26.1435
27.3585
32.3896
26.3044
25.4425
28.8128
29.8730
26.1111
20.9463
19.8876
27.0177
35.8283
22.3843
25.0214
21.3488
26.9311
19.2859
20.8255
19.6712
12.5011
19.1184
58.9330
20.3584
20.2894
24.3412
21.5006
19.5832
35.3022
17.9663
25.2658
32.2688
26.7813
26.7501
22.8971
23.6230
18.3786
22.0433
26.9093
28.2721
14.4776
20.4891
22.8042
29.5632
25.1352
27.6862
31.7575
31.6323
23.1730
23.3953
8.4269
35.8642
22.5547
8.1182
21.1386
29.7213
30.3757
24.4911
21.8860
22.2438
15.7632
23.8376
19.5872
39.3075
29.5141
26.7115
25.9602
25.6886
22.3398
33.5629
28.5920
22.2147
21.1363
27.4442
28.7706
32.5859
27.3755
33.3944
28.7654
22.4303
21.7233
24.3950
23.1869
20.4764
27.5264
18.2681
18.3258
22.9655
19.3254
21.9656
36.0282
18.9472
18.0017
31.2684
28.3411
29.1512
20.6505
19.4109
22.2817
20.2906
19.3422
21.6035
25.2183
22.7772
25.5701
25.1091
27.7879
18.2269
15.6373
25.0787
15.1049
15.6425
24.5476
22.9698
23.6037
122.1408
26.4313
27.4197
26.5325
27.1694
39.6269
32.5848
34.5555
34.9875
35.7881
38.2260
41.6774
46.5731
48.7199
38.6709
37.5853
46.2464
38.2804
31.1073
35.6052
29.4275
34.5699
42.7225
38.0418
37.4838
73.1605
38.6292
36.7952
41.6723
42.3567
40.1124
34.1747
50.1759
48.4682
40.6357
38.7585
42.6957
49.9309
50.5025
35.6656
61.6444
39.6949
44.8085
45.5508
53.0744
39.2118
38.4892
30.6977
27.2273
49.7709
43.7502
35.2552
23.2810
26.8879
31.5016
28.2093
67.1934
20.9234
27.2081
24.2109
18.0626
21.6394
15.3871
23.2330
55.6526
18.6821
24.8737
19.6108
23.4729
29.8476
20.3601
20.5258
28.3487
19.1317
21.5528
21.5994
27.7203
24.6827
24.7493
23.7457
22.7096
28.9770
32.5407
23.8555
31.0718
34.8405
35.1420
32.0455
38.1407
40.4086
27.7253
36.1569
23.1995
30.2108
31.7277
32.5254
34.2159
32.8323
36.0245
41.6564
40.8119
37.0807
39.1106
46.1805
43.0537
38.0747
38.2179
38.6984
35.4328
49.9565
43.1045
38.5641
39.1245
36.7065
44.6368
31.3691
23.2708
43.6364
34.7756
28.6334
20.0827
26.6957
21.8648
12.3848
21.8402
25.0726
27.6946
28.5332
11.1952
24.9581
30.3593
22.2661
18.6695
29.7795
19.9173
6.1185
18.8042
29.1223
21.5070
19.7543
30.1530
22.4941
19.7414
24.9239
19.1022
12.8395
17.1730
24.9382
29.2937
19.2502
16.9521
21.3218
25.0724
15.1090
21.4979
29.3849
34.8225
20.8995
26.6712
22.7269
31.4902
28.4556
26.0689
46.2947
22.3421
18.8588
22.9235
28.6480
28.0533
52.0816
22.7501
24.7477
27.7196
26.9842
30.8320
27.6574
34.0921
33.3298
33.3755
31.8347
32.8834
27.2419
17.1215
14.0465
15.0253
19.8737
35.9510
53.5478
21.6536
11.7500
28.9074
30.9801
33.9818
24.2031
24.5165
30.2512
22.4198
22.8162
36.1329
37.3362
24.4512
15.9030
22.1923
28.4870
22.9682
24.4506
31.8318
26.1571
26.8254
53.1968
18.4814
22.0601
18.3976
19.7717
36.0063
21.3943
25.9371
19.3603
29.3761
25.8240
23.3049
20.0935
27.9686
20.3298
25.7031
33.9588
35.7272
18.0329
23.1893
17.2628
19.3729
20.4983
17.9098
26.6624
32.3501
18.8004
30.6024
32.4928
27.5877
30.4139
22.9418
26.4981
21.6814
23.2551
22.6533
26.8368
26.9183
21.1379
19.6901
22.6175
28.0538
25.7933
25.8446
35.3373
35.9352
35.0956
26.3016
22.3740
36.4707
18.2037
24.6115
20.1711
23.4061
16.2742
18.9311
23.7168
15.7125
19.4711
25.2780
18.4625
20.7934
31.4826
25.0572
24.3254
33.5209
24.7905
24.1436
24.3216
25.1858
25.9665
30.5753
23.2293
27.4171
35.1599
16.9027
23.9263
30.9726
19.7075
17.1288
27.9738
18.7922
19.4860
21.2651
21.0724
19.0779
26.8963
22.6739
14.1715
33.8503
24.1136
18.4706
19.2878
26.9654
18.4325
25.7879
18.6948
17.0538
15.5379
7.1273
22.7127
22.0177
20.2736
21.8837
23.4018
30.0120
31.5574
20.2624
24.3052
26.4267
25.7708
26.7774
23.0146
26.7276
24.5396
23.9333
32.8307
29.5921
29.9319
51.3005
36.7633
35.2031
31.9368
25.7129
26.7014
34.2123
24.3103
36.7929
27.8673
27.1369
15.7757
22.4565
24.1745
17.9958
21.8325
24.9583
13.9138
19.4834
73.0017
21.4019
11.8889
22.4354
19.7974
17.1465
19.9421
19.4879
23.2881
22.1753
21.2673
24.0013
28.9485
9.7853
17.3395
29.9883
18.0729
36.4574
17.3968
24.7915
19.8447
16.1846
22.8836
18.7632
24.2391
22.6704
22.3222
19.4821
22.8449
29.6378
9.6740
26.2781
18.6435
23.3386
54.1883
23.2832
33.7355
23.7114
22.1891
26.6817
17.1718
18.2209
17.0271
17.4866
26.3193
19.9831
26.6643
18.4101
19.5819
20.7134
26.1493
22.4520
18.7773
21.8297
21.0722
16.6237
23.0247
51.7620
20.8124
20.8269
21.8062
30.7002
18.1689
29.9026
28.3100
32.5076
21.5301
32.4217
30.8939
39.4691
28.5126
34.6688
55.0138
32.3494
31.5321
30.8299
28.0668
30.0741
47.4803
35.7298
39.0091
38.9711
54.2225
29.6097
30.8107
31.9935
35.5525
37.2894
27.0347
64.4310
34.3924
34.3717
27.3048
33.3142
41.5463
22.9370
18.0841
44.5675
26.2099
18.1850
32.2822
21.8552
17.7087
18.7660
23.0789
26.3291
25.4784
37.6705
33.8352
14.5764
47.9155
31.6403
22.4097
25.0564
25.8626
23.7315
19.6492
22.8538
19.7874
16.9201
19.4999
19.3304
25.7870
28.0989
24.2279
30.3705
32.7048
25.9046
24.0942
27.0787
28.3123
18.8843
22.2203
27.2264
27.8668
21.7623
25.7673
25.9304
22.5700
19.0905
34.3001
27.3328
23.8548
32.4434
24.0369
35.8738
25.3427
34.7157
19.9473
24.4506
21.3445
32.7249
21.8280
24.4476
25.1529
22.2885
37.0739
29.2482
25.6451
29.1240
29.1286
25.6122
36.2028
33.9673
33.5623
34.3737
37.7713
35.5614
36.1302
44.9377
33.1092
16.8417
35.6181
26.1004
29.3235
32.0609
32.3615
47.0474
47.7499
29.1462
20.8629
37.2294
69.3954
30.0462
24.4679
29.1628
40.2189
30.2406
26.2680
40.6588
26.9100
36.8716
40.4434
28.7047
28.1135
28.9391
27.3704
30.2098
29.8595
25.8857
36.0255
26.2159
32.0536
40.5569
30.7043
40.9499
38.6008
28.8592
32.4129
40.5334
39.8633
33.9659
33.4563
33.9068
31.6605
46.0133
27.9425
35.0377
35.0924
37.3102
37.0932
28.8921
36.7559
35.9543
32.1364
38.0202
31.1797
39.9761
32.8205
33.7477
39.5025
36.1454
40.4963
45.3537
41.0981
40.4415
41.7333
24.0768
36.8346
46.6761
27.5820
27.0238
43.5971
22.8045
31.0308
20.6583
24.3667
20.4245
20.9051
43.4237
26.1357
29.1219
35.8021
21.9159
21.9162
19.4913
28.3458
27.3782
28.3313
22.9418
31.6861
30.2339
28.6019
35.6830
25.5138
34.3213
26.1497
29.3109
29.2568
31.8294
24.2071
32.3442
35.4842
28.8335
29.1442
24.2638
44.8346
28.2850
35.6089
34.2313
29.4848
27.8025
27.8866
28.0275
40.9495
27.7942
34.6482
28.6152
29.9150
50.2935
26.8829
23.1851
23.7533
13.5328
39.4575
23.9625
21.2606
15.6995
29.6034
24.9473
32.5848
22.9047
22.8916
33.0127
24.0390
31.2807
26.6578
29.8520
34.9567
29.7181
29.5945
28.0430
20.3249
32.8451
39.2217
25.0875
25.1812
21.5309
16.4252
31.4970
33.6507
16.6589
33.0814
19.8157
15.9715
18.6697
28.3492
19.1792
23.6056
20.9781
21.4873
12.2591
31.5790
31.8787
25.5918
19.1809
21.8790
22.2594
28.6774
19.6216
80.3883
49.1116
30.7424
18.3164
20.8330
77.3291
26.6141
19.6207
31.1332
16.7108
16.4589
29.9396
12.4326
18.6404
19.0217
22.1537
18.9601
18.8399
22.2177
68.9447
24.2422
23.3388
50.2863
26.3864
33.6680
32.0839
24.5081
36.6959
27.9428
38.1539
24.7921
35.7679
38.8828
19.3952
17.8819
35.2273
32.7013
24.6822
22.2620
35.1269
33.2237
26.8879
21.4483
18.4737
25.6576
30.8267
19.4571
32.8181
19.7832
18.0533
19.8573
8.3496
26.9970
24.1285
22.1572
26.2274
27.8432
32.0555
17.2682
35.6590
20.3024
22.9198
18.3714
20.2286
14.9742
20.9113
18.2537
21.0878
21.9600
26.9728
19.8896
20.8278
15.9092
19.8362
23.2249
21.9427
22.3397
20.5720
24.6078
24.2705
25.5556
7.5983
23.4819
15.9157
29.1859
20.5659
20.6044
26.7251
16.7722
22.2585
23.0317
18.8681
22.8521
21.1829
36.3204
25.5741
12.5024
22.4242
22.3436
29.1547
30.2087
29.3673
22.3331
19.0522
19.7939
25.0381
23.2822
20.9274
24.0432
32.0568
30.6896
25.2849
29.8413
29.0034
38.3988
27.7632
27.8385
34.7346
40.6910
28.1095
55.5310
51.3227
28.7427
43.4956
27.0301
32.7274
29.6342
33.8846
31.7358
30.3336
33.3882
35.4904
46.2348
11.9161
45.4943
37.8766
28.3392
39.3414
25.8216
31.4215
48.5093
38.3927
33.6672
33.6887
18.5760
35.5693
41.7444
18.4052
40.0905
20.4750
23.4664
25.6476
4.4694
31.6196
19.8017
24.3091
13.0214
17.2306
33.9352
35.9425
31.7764
32.6612
19.8309
20.1036
14.6117
14.9475
26.9672
28.6241
18.3333
18.5582
18.8513
23.5904
26.7231
23.4868
21.0637
29.6832
21.5150
24.6479
20.3222
24.1878
24.2912
55.9521
20.6503
32.0662
24.5320
22.4919
22.4223
25.9215
23.6291
34.6381
31.0049
31.4679
28.1695
38.9978
30.9047
26.2261
23.8847
35.0234
35.0981
27.2475
29.4158
29.0941
28.1391
31.4056
34.6185
31.2899
39.8040
33.9922
36.1568
29.9676
32.7535
33.7551
33.9004
45.2491
35.2830
39.3816
26.5534
25.7580
30.5312
24.5201
45.4657
26.0359
32.3153
24.9541
27.8541
30.0781
28.1669
28.9641
27.8072
31.3350
28.5488
18.3592
28.9539
32.4779
19.9905
20.5238
22.8896
21.1965
22.0179
24.4668
20.7420
27.5404
22.4983
27.8805
23.0653
21.2735
23.9061
28.2811
34.1757
24.3807
27.7813
27.6674
29.7936
30.3826
27.0284
23.8433
29.5240
26.8479
26.1945
26.0854
25.8154
23.6668
22.7827
32.7235
40.1301
26.5078
27.6254
29.0306
29.0148
23.2205
27.6928
36.9983
29.2337
17.1771
36.6592
23.2984
28.3743
20.0053
19.3014
25.9171
12.3132
26.3889
19.3608
23.6401
16.5167
29.0444
26.8326
33.1122
21.3702
17.8869
19.6261
30.0509
23.2419
22.1408
28.8405
18.0889
32.6941
20.5188
20.7335
31.4455
26.0561
22.7898
23.4786
15.3853
26.3194
32.3604
29.5061
32.9008
34.7942
33.6949
35.8080
29.1246
28.0658
33.5431
42.1672
32.4346
37.1498
35.9427
34.4720
30.9208
41.3967
39.1682
43.2421
40.3170
44.8833
37.6889
37.9428
42.3697
47.0502
40.4025
43.2097
40.2556
48.1799
41.4855
44.2549
44.8243
41.1804
48.1603
38.1894
47.0488
38.2252
41.1626
33.8087
48.6787
50.5202
39.0156
39.4445
38.2011
41.4519
40.2455
37.9091
38.4270
47.6632
51.4053
40.9595
45.9380
50.3195
42.8367
44.6842
49.1482
52.6291
45.4073
45.9639
46.5276
54.2795
48.1494
51.1126
39.2729
10.9455
43.2672
7.6041
93.2105
45.0454
37.2333
33.2972
17.1269
32.3321
20.3723
34.1571
46.0200
19.1255
19.8970
22.8374
80.8164
24.9779
25.6822
22.2333
29.0791
24.5393
26.0153
31.8503
20.8682
21.8021
20.4886
19.1872
25.1230
18.5149
18.9641
22.3886
25.7297
28.3624
33.9557
21.2354
31.2817
23.3355
34.4187
37.3137
35.3702
27.3187
27.3074
24.7714
23.3342
25.1618
25.1152
27.1136
13.2612
30.1330
20.8153
22.0165
23.5074
24.6655
18.9595
19.5265
21.0851
58.2932
19.4824
31.6108
26.5064
15.1724
36.2608
18.4002
21.1376
17.9057
24.6285
33.4494
21.7747
19.6766
18.5673
19.2417
24.8784
21.0930
6.5332
49.1467
26.3578
20.2480
23.6435
16.1768
24.4222
20.6206
26.3879
10.7778
25.2872
21.9159
23.6583
20.5085
19.1790
26.8451
26.8940
75.2081
18.6461
11.3307
29.7366
27.2368
32.1151
22.9338
25.1930
28.0908
21.0446
20.8740
23.4543
34.6256
19.1136
32.8575
29.3127
22.4247
35.3725
24.3474
33.5703
24.1757
21.2378
21.8012
38.1321
29.2254
30.5551
30.4801
19.0653
25.5257
20.3951
33.0545
21.6637
24.9110
24.0294
27.7538
30.1919
18.0647
18.2060
13.8806
25.6174
21.3974
18.7120
19.8259
22.4407
18.5549
22.0019
18.7397
20.4663
20.0436
17.8106
21.2200
29.5919
18.2710
19.2195
18.9609
19.6796
16.2993
18.0600
20.2074
24.0923
18.2397
23.2813
43.5326
31.0673
26.5018
21.1249
28.6029
26.5583
30.8646
35.2897
24.9532
25.9484
19.7908
39.2444
18.0050
18.8001
30.2435
36.1320
16.7466
22.3266
25.1271
54.2624
28.9682
27.8235
16.8962
22.8838
12.5226
34.9114
9.4837
29.2312
25.3517
14.8475
18.8953
17.8255
27.9891
23.5992
48.3495
26.2226
31.5708
34.0644
28.4630
30.3753
19.9903
31.4331
33.8876
39.4027
40.9994
29.8931
41.2860
38.9588
38.5403
36.6532
39.5272
33.1406
46.3686
34.5240
39.0918
40.1532
38.7328
41.6978
34.3146
47.3853
48.8915
76.5856
54.6210
27.0470
28.4329
58.2890
12.0349
50.2305
23.9104
51.6001
25.5536
43.3558
21.6560
45.0561
24.8590
25.2516
29.1737
33.0609
34.4699
31.5941
35.2232
38.0543
30.8964
28.7677
35.2186
30.9583
25.4746
28.4571
25.4025
27.2306
15.6425
28.9277
30.4012
29.6648
27.6580
41.5959
31.8113
44.2618
33.5218
36.1287
35.0616
28.2300
32.1066
35.9029
34.6023
46.7946
42.1396
39.3919
32.8283
35.0576
24.1389
34.7335
40.5457
45.0473
42.4415
34.7395
41.0515
44.0460
35.5849
24.8989
35.2130
25.0859
18.2865
18.8620
30.5376
18.6404
18.3715
20.3544
20.4166
22.8252
29.0939
18.9267
21.9988
18.0714
24.9611
18.6213
19.8436
29.8960
20.4017
24.2396
27.6682
24.9857
27.5340
23.6693
20.3055
24.2672
19.3785
20.8660
25.7494
17.8960
20.5259
21.2129
24.0899
25.1848
20.9012
19.4683
22.9334
21.1470
23.4916
21.4130
19.6470
26.7561
30.0592
32.7831
37.8551
20.5104
22.7459
22.6630
26.8798
32.0907
30.9597
21.1839
24.0135
49.3379
26.6211
32.6560
23.6492
24.3660
18.5467
24.6778
14.8081
20.6011
17.9972
32.7280
26.6495
21.5439
21.9502
22.6190
19.8843
30.4698
18.6448
33.3678
27.3027
17.0085
21.9449
26.4229
23.7283
30.1534
26.7602
25.9586
30.5351
29.2915
35.6709
34.5508
32.4913
25.6414
34.0330
36.9783
34.9863
23.8370
28.3535
26.2992
23.5434
24.9394
30.9397
35.8141
27.0646
23.7644
28.7467
24.6747
17.6889
15.1242
21.6074
25.2489
24.8784
29.7446
18.3861
25.0058
15.5342
19.3388
18.3428
22.1795
7.4041
30.3300
26.7924
26.0406
18.1901
29.8193
18.4830
58.0300
20.2958
15.1396
27.7699
32.8266
20.0544
16.9163
26.0187
17.5313
21.8630
31.7242
12.9518
27.6276
32.2843
18.6526
22.5480
25.5448
19.5364
19.5696
23.9909
18.1803
21.2417
22.6673
19.8408
26.4778
54.8175
26.6696
21.8432
18.8170
9.1200
26.3513
13.3942
24.2640
9.4784
18.4437
21.2520
20.9799
32.5755
24.2575
29.4324
35.3916
28.4739
25.2457
28.9080
36.6180
33.0729
21.9498
54.1593
24.4403
24.6257
26.5290
17.5842
23.5488
30.3052
34.2193
17.8024
25.9451
21.4439
15.6882
18.9337
20.8994
18.0604
18.7431
22.2476
14.2627
30.8285
28.1465
22.2982
28.3014
21.4712
22.8054
17.8055
27.3960
27.4113
21.8544
16.7740
20.1525
21.1293
18.4687
17.0081
21.5797
23.2502
31.2017
16.0384
16.0674
22.5324
31.2926
32.1461
21.6837
28.2577
26.8306
26.4184
28.4091
28.7273
30.8808
30.5989
29.0070
29.3145
33.2858
43.5418
26.0202
37.3989
27.7506
22.9529
23.7368
21.6355
23.9522
33.2378
23.2323
17.6970
18.6212
20.8561
20.9858
30.9096
27.5030
31.2515
22.6523
25.8185
24.0268
24.8936
30.5689
33.6361
32.5628
32.5622
39.9484
33.4190
33.9698
21.1757
42.4400
43.9803
31.2684
41.2801
54.7184
32.5367
32.1527
30.5211
33.8750
32.5848
33.7568
26.2850
28.5269
27.8055
26.0983
34.1906
37.0026
22.5227
30.9693
25.0463
42.4286
27.9714
21.8623
32.2746
24.1845
24.0942
19.5593
16.1513
20.6739
31.2818
19.7624
19.6790
29.0411
27.9435
29.7890
35.5140
28.0878
31.1451
51.5688
34.5899
30.0040
34.0771
29.9181
34.7282
31.4959
30.8799
34.9912
28.7712
31.4690
39.2281
38.6575
34.8702
32.5367
36.5210
38.5774
40.4383
36.1229
38.9043
47.0321
43.0925
43.4874
43.3967
49.4168
45.7068
46.8805
45.7928
50.4918
45.8248
51.1236
48.9758
48.1351
44.6934
45.7156
47.4021
45.9992
39.4425
46.5461
58.6107
50.6500
58.9141
52.4704
27.1174
48.1528
39.8675
49.0295
34.6435
32.3040
50.6645
58.9317
36.8303
32.0774
37.3513
68.2197
35.1483
37.0086
32.3505
33.6576
29.2769
27.7480
30.7130
24.0337
27.8587
32.4551
31.8403
37.7636
15.4929
20.7782
23.0017
37.0009
25.5912
22.6825
22.8583
15.5455
20.4028
31.2162
22.7803
21.5578
19.9197
64.8095
28.1634
22.4085
26.1846
20.0965
26.2504
20.7847
20.8933
31.8247
21.9867
24.5728
16.1121
21.5841
18.4387
21.2540
21.0681
21.8886
20.8380
35.7559
15.7265
14.5735
27.4537
19.6563
47.5027
16.7149
19.2778
15.0413
18.2939
19.1316
19.3206
4.3328
33.9439
23.0873
21.6171
24.4495
27.6202
23.2186
17.3788
22.5772
33.0217
16.0466
26.4975
16.9245
25.7508
27.0346
19.5634
17.9185
27.0804
18.4276
23.1505
27.4851
21.2776
22.1229
32.8419
21.0189
37.1810
21.1267
24.9428
21.2632
27.4250
12.9800
23.5067
28.2859
17.3223
32.5214
22.3246
27.7334
28.9140
31.9186
30.4689
35.0777
30.4704
33.3979
36.4791
40.0864
31.4362
40.6382
32.5505
32.4775
38.2860
23.6934
20.9226
21.4927
23.5507
24.6713
23.1567
32.8434
26.3779
32.5425
40.7612
33.5614
34.1700
33.3572
30.3880
25.8491
23.9540
24.8195
40.8458
25.2536
23.0618
23.5049
31.8964
20.5892
36.8224
19.8819
32.3718
14.9256
30.6798
22.1527
18.1134
18.7914
37.8320
23.3916
24.2867
12.4556
26.6408
25.7933
25.7935
33.0215
19.4487
20.3789
19.8207
20.5341
23.9052
23.6154
25.6991
24.1007
31.2352
25.2630
18.2289
29.4011
19.7078
21.6751
23.3427
30.7215
35.2367
24.3194
28.5000
27.6236
28.7640
14.7305
16.5258
31.0553
27.0898
28.0187
23.0746
18.1654
37.7539
17.7788
18.7198
18.9852
23.0197
18.0633
19.8885
20.9113
19.8488
16.2314
20.0157
21.9815
27.1806
13.8272
18.0767
16.8577
20.8369
12.1761
19.4688
27.3525
23.3478
19.5118
15.0488
19.7998
20.7404
32.0710
17.6785
32.6080
27.2193
13.0715
23.8101
20.5200
18.3934
21.8017
24.0656
21.4646
25.0303
27.3049
27.9998
30.6904
21.8095
22.4329
36.2652
18.5701
20.3068
32.2566
19.3745
24.1940
22.2090
23.1228
14.1630
26.4459
25.6810
23.0901
19.0471
23.1196
23.6431
30.6426
16.0155
28.5745
23.9622
21.2921
19.3916
28.8879
19.0840
21.6307
24.8015
22.1747
30.0399
23.5257
29.9843
23.8855
25.5378
25.4774
44.4326
12.1616
33.6596
25.5245
44.4625
29.1555
15.4855
34.7078
25.5988
17.9721
20.1161
19.1549
28.2476
29.2208
18.7488
22.3266
24.6764
15.1653
19.1777
23.7832
24.3955
21.6310
32.9845
29.0173
33.9938
23.1769
24.8698
19.4352
26.8267
38.7558
39.2493
34.9198
22.5792
17.2791
20.6993
19.1861
22.6925
20.1684
28.9839
24.2023
26.3937
29.1685
28.6518
32.5798
36.8695
27.6095
36.7940
20.6661
27.2830
26.2625
19.6377
28.7372
19.8455
23.8116
16.0582
23.2337
18.6121
21.2100
22.1595
17.9315
20.5227
20.5055
25.4956
21.9531
52.4832
22.1096
27.9081
24.4526
25.0315
31.7661
21.2348
32.0609
19.8443
23.7079
19.4833
42.1133
34.3982
39.5911
22.9440
24.4351
25.5927
25.3992
32.6412
25.8256
33.1535
29.9018
29.9372
31.2058
32.6611
34.5262
29.7442
24.2625
18.8727
27.4381
17.2201
19.0710
24.7267
14.6567
27.8478
22.7050
25.3393
24.9117
15.1265
17.8804
16.5100
19.6990
24.0079
22.0754
19.8359
25.9288
25.8507
27.5242
9.0948
29.6728
33.1151
34.3150
35.9591
36.7820
43.0314
21.3701
26.3396
18.5346
39.3490
6.3647
56.7247
29.0150
28.5222
23.6863
23.3789
32.6952
33.1266
21.8279
20.6863
29.1982
29.1019
23.8163
25.4100
27.2216
31.0006
17.6981
32.1844
4.2043
18.4469
18.7102
15.3883
32.6041
18.6596
28.0169
28.9471
21.4066
23.7120
26.4110
24.1957
28.8435
25.7573
32.8238
33.4868
28.9147
39.5357
25.0472
38.6066
41.6917
29.9923
34.6667
30.3613
25.9786
36.9764
37.8821
28.8698
23.4899
29.4671
29.9768
29.8499
35.5157
32.4398
34.6208
32.3838
38.6692
37.7988
39.4450
37.9503
39.1436
37.7795
39.4379
42.3136
32.6571
27.9975
48.4709
29.8692
31.8614
52.1666
33.1295
33.5003
48.0745
40.7120
36.3202
35.2316
42.3143
40.5793
42.4413
46.6614
42.3632
48.2355
44.0557
34.2837
40.0427
40.2788
43.2046
42.2099
46.0526
44.0766
44.4522
45.6350
57.0396
42.1117
35.8680
45.0882
35.7877
28.0248
46.6729
29.5525
23.4832
29.9823
24.2392
27.1913
24.7136
25.4942
22.2437
25.1858
34.0746
35.5518
29.3788
36.8277
31.1696
24.9377
22.5725
40.1158
38.5617
39.4987
21.9048
21.3051
21.6440
23.2285
16.2800
34.2834
26.3324
19.6490
33.1255
35.6024
22.3202
29.4415
31.5145
23.8236
27.5240
32.2473
24.1057
34.9335
33.4810
24.6331
23.4770
21.7987
35.6309
32.6660
16.8584
26.8711
26.9607
39.0124
34.2578
18.7198
20.2979
30.4831
18.5323
58.8443
18.7747
21.2845
17.9048
19.9197
23.2147
22.2218
121.1076
25.4106
18.9105
24.1263
18.8937
32.0291
18.1290
31.6619
30.3050
12.7816
26.8679
24.8683
14.9018
19.5378
15.0409
29.1130
18.8218
29.8136
17.5995
7.1565
18.1333
27.3399
22.9661
23.9895
24.3759
25.9009
34.3809
26.9985
30.4881
27.9375
34.3757
41.2135
21.6932
36.3993
21.7092
23.3622
26.7845
22.2922
14.8848
27.1196
28.3961
33.2806
24.4855
26.6031
27.5120
17.8880
19.3351
28.0630
14.0412
32.4615
52.9625
30.4425
19.1642
19.2584
24.2892
16.7816
30.8875
30.2979
25.0251
28.6444
24.1066
25.2702
25.6311
29.8014
24.7008
30.6402
24.0726
28.0711
35.0355
34.1949
24.5192
21.3980
22.1460
27.5809
33.4089
24.3854
20.5605
22.4048
18.3002
23.5806
20.0264
22.9395
18.0342
31.4020
27.1002
23.7607
23.1280
16.8217
24.7304
18.6321
29.6874
17.4652
25.6422
24.1966
20.6594
15.5401
23.7569
30.7719
26.5236
20.2976
24.4246
18.4679
20.7290
21.2086
16.3677
21.3256
18.0839
7.6619
27.0626
19.6219
22.6671
21.6721
30.7765
34.5530
35.6040
24.1985
22.5455
20.5337
23.8031
22.8675
23.8876
27.0902
27.8770
29.5768
29.1964
30.0319
24.7776
31.0470
31.6163
38.5615
27.6858
38.6851
28.3882
42.3601
31.5886
30.2706
30.9435
39.0701
31.8892
24.0261
40.4259
34.9268
43.2457
24.3293
19.3014
18.7233
16.5538
26.6128
19.0281
20.3765
20.6933
23.0593
23.8326
22.7649
29.6480
22.3019
27.5999
22.0146
22.8046
18.2916
16.6913
29.1489
22.0318
16.9255
21.9493
18.1333
27.7367
31.5647
18.0287
20.6373
24.1964
20.5022
26.0271
25.5485
25.6304
32.4133
31.3617
26.2541
23.4019
23.6927
17.3545
19.4899
36.0966
19.7773
18.5118
39.8755
19.9054
38.4062
4.5132
18.2586
20.7313
19.7610
19.2942
22.8096
24.9936
28.0360
25.6688
29.1433
26.7028
24.3568
28.7671
115.0197
18.2713
18.4871
19.8418
25.9440
20.5980
30.2708
20.9268
22.9501
17.9675
25.2483
33.9664
26.3711
24.2313
26.7621
23.3635
32.8919
32.4870
23.1168
34.0119
27.1286
28.1564
28.2687
15.9425
40.3244
34.3661
16.5701
33.6622
21.0812
24.4126
25.0413
22.9238
18.0994
29.2988
21.9938
23.8904
22.4422
21.3203
25.1152
17.0549
21.5958
19.4208
17.8831
34.2142
22.0027
22.0896
28.1538
34.7007
13.5566
18.1096
15.9506
21.0516
36.1824
19.0211
16.9640
19.1149
18.9885
55.7256
30.8362
23.7338
31.1098
33.9613
27.9724
22.0161
29.3433
33.4625
26.4222
23.7407
16.2001
29.6518
31.5506
27.4632
21.4109
23.7133
17.7283
18.6761
15.7309
22.1665
20.0023
23.0227
16.1768
23.9461
25.8847
24.1063
28.0316
23.1710
18.3852
23.9795
25.4259
24.1572
33.4988
19.3790
30.6604
30.8634
18.9317
16.7355
53.0162
27.8224
19.5673
26.7692
21.8790
28.1553
19.9967
22.1590
26.6764
17.6412
29.5954
26.4937
22.3791
18.2188
30.3695
23.3509
26.1264
28.8906
29.8981
27.6938
34.1711
29.6138
23.4036
20.2826
22.1394
27.7195
37.4122
30.5755
23.5423
22.4141
30.3011
26.0162
36.0899
16.6724
37.8836
48.6326
40.9372
30.5895
27.2176
52.7928
24.4129
25.8404
26.9849
26.4875
29.6045
33.4967
35.0168
34.5798
37.9200
35.4125
33.9726
31.3126
46.6722
33.1087
36.0820
36.5802
33.0428
34.1976
34.1364
33.1288
37.2551
38.7078
39.2953
37.6470
38.7223
35.9373
29.2746
43.6861
39.4620
46.6901
48.9710
34.9680
33.6224
31.9719
36.2682
77.7756
26.4090
14.9235
22.3833
20.0850
39.3810
49.2342
19.4482
27.8362
25.5387
20.7683
28.4650
24.6747
65.1014
20.0067
66.0990
23.7176
24.6606
36.4553
23.7460
17.0683
20.9284
24.7974
28.4463
26.8350
27.6053
25.2330
32.8745
25.8158
23.2114
17.5261
20.2032
39.4097
24.2324
21.5221
54.2282
25.1473
23.4850
35.1022
15.2613
26.7734
26.1566
29.9175
33.8572
30.1802
21.0752
21.5017
23.3314
26.1549
39.2382
24.0427
20.5367
26.0880
28.4277
22.5939
34.8785
24.6577
3.0373
20.5454
28.4956
21.9929
24.8203
30.8501
29.2737
18.7076
12.7520
37.2104
18.7051
20.8198
25.3727
20.9950
28.1557
21.2520
20.2526
15.2756
29.4190
17.3412
20.6098
20.8391
27.3022
23.1875
16.1341
23.7974
13.8853
31.4744
21.4659
19.3237
18.2242
33.5852
19.7648
18.2858
14.1219
16.5768
23.7542
19.9038
18.1802
31.0357
31.1696
20.0065
19.3720
23.5470
22.5232
22.9877
19.1255
23.7284
19.4968
22.5585
22.6157
26.8175
23.4713
30.8502
19.3570
27.6704
25.3156
25.2035
19.5672
15.1383
19.5190
22.1980
21.7252
30.0262
20.6608
34.5081
27.2073
17.9877
21.9453
47.8874
20.2150
23.6218
23.5892
28.2219
30.7249
22.5703
31.6438
26.3548
31.1849
23.4169
31.0742
29.2808
30.5411
29.4686
38.7179
13.5558
37.8150
26.4674
37.6882
44.7317
24.8511
19.3590
20.8097
23.0477
33.4122
24.4611
29.6114
25.2005
29.2812
18.7309
20.1683
23.2002
21.8289
28.1045
22.1106
12.4190
33.8780
23.1150
18.6361
27.0330
18.1984
23.3604
29.3941
22.1434
28.2337
22.2278
22.6464
21.8293
25.3000
24.0380
26.6288
24.6762
25.9156
28.3799
30.1251
22.8846
25.7568
34.7155
33.1270
20.1580
27.1986
35.1057
18.0052
21.4571
28.5541
21.9925
18.4718
27.4291
21.6782
10.9781
26.0104
21.3771
19.3188
12.0384
19.5061
13.7030
17.5071
16.0855
11.0868
25.3196
27.6655
18.2508
17.0495
14.9366
25.9171
19.7027
23.5116
21.1873
16.4694
23.4494
29.6454
23.6441
24.6704
28.5059
12.9227
20.5141
27.4876
26.5411
20.4714
25.2076
34.9841
20.8134
15.9672
32.8650
29.6812
20.5107
15.9041
20.8319
17.7699
20.0158
19.1909
17.7763
26.8631
15.8780
7.8377
20.3975
24.4610
18.1772
18.5432
15.4934
18.7328
22.0746
23.3693
22.0707
33.1440
21.5059
25.3988
26.5127
25.9879
29.3329
29.3293
31.1268
17.2477
29.0534
25.1884
29.7549
30.0508
23.7123
28.1192
27.0497
19.4854
19.5928
19.5255
27.7128
16.4197
20.4938
17.2449
24.1534
27.3639
26.6737
20.1856
27.2116
24.7383
17.0775
31.0737
33.4641
21.0345
22.8660
17.3016
21.3023
14.9020
18.6574
20.9346
19.8039
19.6272
23.8668
16.8811
19.5547
34.0572
28.4815
19.6840
30.6185
20.0211
16.4556
32.3572
22.6238
17.6656
20.7372
28.6719
18.1017
19.4904
30.4700
29.3581
23.6886
26.9727
23.9735
27.2307
27.8716
31.6156
26.7074
30.1953
30.3121
25.7182
29.2990
30.8783
29.2099
41.4706
31.0556
37.8673
34.3043
37.5303
38.1515
36.1504
36.5383
43.0145
34.6038
32.7416
32.4928
31.5448
25.5987
26.3945
27.5915
29.0737
45.6689
29.3901
30.9366
31.1094
32.6792
14.8461
29.6048
20.7369
20.3160
39.0172
41.0022
28.4602
27.1741
16.2855
20.1713
28.2730
34.4318
24.7503
35.8608
16.1738
17.2585
19.3215
16.8924
19.5054
15.7482
15.8038
21.1844
22.6980
44.0734
23.3173
29.7672
48.7544
28.5705
66.1514
31.1467
18.6398
28.1174
18.6442
18.9143
20.3483
20.6579
18.3477
21.3387
21.1044
21.9825
34.4504
21.6771
27.2186
27.0850
26.8592
24.5346
27.7118
28.5274
32.3266
26.2497
27.9895
14.6976
19.1746
18.7726
21.1693
25.0037
18.1072
18.1929
27.0166
29.4277
22.1317
31.4243
24.4547
28.1781
19.8376
20.8745
23.3363
37.0267
24.5719
23.2751
21.2113
23.3891
23.0355
25.1234
17.5230
27.6470
27.1596
29.2417
23.7693
36.3148
26.8957
18.8142
23.6661
23.3311
27.1300
22.7305
24.2567
19.3864
23.8925
30.8246
17.8410
17.6294
17.4232
34.2711
20.8491
20.8696
20.8530
12.7986
23.6906
25.9848
20.7961
21.7203
37.2863
31.6541
18.5448
26.9072
20.5214
23.3597
29.7333
21.6234
22.8237
23.5514
30.4909
24.4055
25.6583
26.1940
21.5252
31.5396
33.0066
24.9566
18.0958
29.5592
20.1406
25.8047
23.2706
18.4090
38.7533
19.1876
17.4914
20.1188
16.3943
20.8337
31.7997
19.8357
23.8414
19.8719
23.9847
18.8050
18.9277
18.1892
31.6928
17.9840
19.9084
22.5136
25.3558
33.9529
21.3042
17.0215
24.9098
19.8332
20.8779
17.8087
12.5402
25.0771
22.3052
17.7182
16.4285
16.4746
19.9414
33.7130
23.2897
24.4286
19.5182
24.2060
30.5323
19.7242
32.7023
28.3276
30.5885
29.2150
21.5195
57.0612
25.4152
21.2182
23.7906
19.1559
19.3799
12.8417
30.3705
24.7396
17.0585
18.4591
20.5630
47.4531
26.9783
25.9953
20.9372
17.6022
21.3548
15.5660
28.1090
17.5974
28.6283
14.9402
28.8497
17.8751
18.3300
10.6324
16.4789
27.1817
30.2142
19.9723
25.2454
30.1079
27.7050
33.5637
16.0856
35.7815
24.1533
27.6961
26.9520
27.7594
34.6294
31.8302
35.4306
27.7426
30.6243
23.1284
32.9398
36.1918
34.4774
31.7319
28.9948
30.2520
32.7095
31.6477
32.5430
39.3064
29.9204
35.3968
27.6727
25.3429
27.8051
30.3017
41.3625
38.0091
37.9454
27.3097
40.7475
40.9458
30.1103
29.5086
33.0682
25.1279
32.4562
39.9309
25.7141
37.0365
19.5047
20.0995
18.7825
28.6419
19.6296
25.0423
22.3083
18.7494
22.9811
25.6199
23.7727
3.6585
23.9308
23.9963
30.7739
35.4762
29.1755
23.4230
37.5152
20.5696
18.0562
6.9873
26.6677
33.6554
18.6229
30.5724
28.0536
28.1078
34.4391
7.0460
31.2317
21.1484
23.8624
20.0293
20.1828
21.1942
17.7347
23.4496
21.2655
17.6521
30.7405
19.6177
22.7438
24.4971
25.7242
32.4574
33.6295
29.9891
25.6809
34.4566
28.5424
31.0556
31.1195
31.3156
21.4000
36.1645
38.0823
26.3117
38.0658
21.2763
20.8190
18.8631
22.0210
18.5920
21.0914
21.3779
18.4829
21.7503
12.3085
29.7808
21.8284
19.3829
17.5160
17.1190
18.6794
18.3352
14.3399
24.8040
16.9832
33.7761
29.4664
23.7451
16.5155
74.9116
19.3282
20.2168
21.5643
20.4398
21.0787
20.1590
17.7459
22.9411
25.2099
21.6769
23.3993
22.8443
23.1823
23.5500
23.7281
27.0126
2.8469
28.9027
37.3981
29.3413
30.3539
32.3373
18.4439
19.7447
17.1408
24.8430
22.1627
23.1105
27.8373
23.9380
19.9237
37.8765
21.8322
29.9962
23.1796
19.9126
23.0261
21.4013
22.8075
24.6998
33.7852
23.8706
21.3755
24.6059
47.5951
22.7131
27.4991
27.8827
31.5771
40.8871
27.0237
20.7393
28.5159
36.2581
22.4559
32.4598
21.4256
36.1223
19.1508
23.6431
29.9238
23.1769
16.3906
31.5906
34.2750
18.9510
30.8382
22.0781
22.5168
27.3899
52.7392
18.8582
17.7499
20.6533
16.6350
18.2362
36.3474
20.8171
23.1172
20.1668
21.9217
24.4611
29.1418
29.5759
27.6855
27.7157
28.9864
27.4594
30.0124
31.6553
24.1453
21.6567
21.5416
36.9472
12.7874
35.9557
20.6131
21.6873
20.5120
20.9686
22.9228
9.0036
23.5481
28.0158
22.8500
17.3128
23.3465
23.8414
25.0749
27.0212
25.0240
22.4734
22.9015
33.9521
24.1098
26.2951
27.9435
29.0478
17.7670
14.7911
41.7403
21.8012
22.1705
37.7868
43.0534
19.1252
19.2070
17.0453
19.0319
25.7653
16.0070
20.9806
19.3676
22.3230
30.7279
27.5706
26.2429
24.0066
30.8954
34.5892
34.3370
32.6992
33.3710
24.9538
26.0767
16.3459
34.9259
25.3683
28.3002
30.6093
18.0348
11.6277
35.9543
25.6089
25.9318
21.6400
26.8436
24.2088
31.3634
21.9009
21.5874
18.7659
31.2067
17.3489
18.4016
28.3715
33.4324
17.8304
18.3707
29.8672
30.0376
21.4991
25.3406
24.6471
28.5468
36.9813
25.9726
24.0912
24.5863
26.9509
22.2745
80.6816
34.8784
21.4290
14.4098
19.9625
25.6526
19.3830
30.7504
26.0129
24.3499
29.3911
18.6864
18.3661
36.3479
23.4035
22.5094
28.7322
20.1109
24.0112
21.4268
24.1385
34.7242
24.5907
24.9452
30.3478
25.5835
26.1899
21.7971
25.2745
59.0779
26.3862
22.2822
26.6013
26.6308
24.1821
25.5964
32.5456
30.7294
26.3220
21.6648
19.4527
19.9652
28.6614
24.1964
22.4680
40.7495
31.0471
4.9994
12.7431
14.1505
33.4446
25.0330
25.3904
15.8392
25.8348
13.5717
19.6869
24.4303
19.8067
22.0548
18.2639
24.1897
29.4023
21.5974
22.3972
26.8360
25.2355
21.7152
33.9493
29.2206
31.7594
30.3979
29.1391
38.7777
32.9268
32.9592
34.4589
34.2660
38.1726
36.8924
35.1443
39.4544
39.5138
37.7427
36.9588
37.0426
46.0141
62.1234
36.6318
62.7321
38.1195
38.3050
38.2830
38.7596
41.9421
43.8358
43.7811
45.8182
42.7505
34.0567
37.8288
44.7624
37.0963
38.1176
30.1789
39.0638
15.8523
29.7556
19.6825
46.1999
35.8755
20.4410
16.8264
39.5264
21.1946
29.3542
17.5335
20.9140
28.7725
26.8845
20.2386
21.8463
25.6716
29.9282
17.3687
21.8362
23.4721
35.6751
22.6075
38.1221
30.8868
27.4940
24.6653
32.2741
23.6199
26.9371
31.4711
25.8794
27.9970
22.5661
34.5192
24.3592
54.9153
22.5955
22.0007
23.5651
27.0363
23.2831
25.3872
28.9390
13.9282
14.4397
11.3283
28.0829
26.6631
25.5227
51.9091
27.1224
27.8502
30.6519
34.7946
35.4628
29.6758
25.7475
23.6487
34.1089
27.0296
38.1313
19.7917
22.7821
19.4363
19.4958
39.1520
29.0510
19.3282
27.8044
20.2914
18.0215
11.4936
21.4001
30.5554
21.9651
17.0591
16.8534
29.7947
20.5872
25.2466
25.7923
29.3448
21.3925
25.9650
32.4816
23.5214
28.1548
18.6040
26.0670
24.1717
34.6638
18.5293
28.5877
38.6222
15.7498
30.3582
21.2260
18.6043
20.8118
23.9715
24.7596
24.9178
27.9138
22.7301
19.1063
20.9690
14.5079
21.9147
18.7937
19.0555
29.3017
21.4187
21.2174
22.2448
19.4787
25.5045
32.4638
26.8128
25.3836
26.5914
24.7327
26.9036
29.6233
31.5996
33.9422
24.0087
30.6509
24.1521
24.5899
41.3629
22.2784
33.6707
27.9480
30.0432
33.7449
25.9472
36.6461
22.9979
18.7009
18.5722
20.4633
24.6781
22.0912
31.3353
18.4816
19.7300
12.9243
29.2736
20.2380
21.7903
25.0192
17.4709
26.3181
27.1001
20.1524
19.3695
16.6371
23.1131
67.0757
17.5532
23.2843
27.4788
22.7049
29.7561
21.4146
23.6388
26.1260
16.9875
9.6059
24.0725
19.0459
16.7547
17.4678
15.8438
29.9879
23.9914
20.6482
20.7733
36.5226
31.3663
25.2980
19.3182
19.1271
30.3165
17.1967
21.1111
21.7825
29.6868
21.1684
31.3907
23.7974
31.8845
32.7006
13.5673
33.6386
24.9649
28.4311
20.1541
19.9442
18.0818
25.5915
20.0866
34.6649
31.8663
27.6130
27.3625
22.3909
30.0750
18.4716
26.4890
17.8124
16.0206
20.4238
30.4408
20.9304
19.4584
17.3426
27.1053
20.9392
21.1135
20.9685
19.0982
21.1244
29.6357
26.0406
26.2522
19.2266
23.9898
28.0846
34.0431
29.8885
25.6255
16.7105
29.1977
15.1838
17.5088
16.7092
15.2194
23.0641
23.0975
19.5280
25.6469
23.3397
23.2242
25.8646
28.0651
31.7015
32.3914
