1873
1890
1940
1954
1963
1967
1978
2025
2082
2102
2107
2125
2139
2147
2164
2187
2200
2200
2219
2222
2222
2231
2236
2264
2268
2271
2292
2323
2329
2333
2335
2335
2335
2344
2348
2363
2363
2366
2372
2374
2377
2379
2382
2385
2393
2400
2403
2423
2440
2443
2452
2459
2461
2461
2466
2468
2477
2483
2486
2490
2491
2504
2506
2506
2510
2516
2520
2527
2527
2529
2533
2546
2550
2551
2559
2561
2562
2566
2568
2570
2572
2578
2585
2587
2593
2598
2600
2600
2602
2605
2607
2609
2609
2612
2615
2619
2621
2635
2639
2641
2642
2644
2645
2646
2647
2649
2650
2652
2656
2660
2665
2666
2677
2685
2685
2695
2696
2699
2702
2706
2707
2707
2711
2716
2727
2729
2733
2735
2739
2744
2748
2749
2756
2757
2761
2761
2765
2766
2767
2767
2771
2772
2773
2776
2777
2782
2782
2787
2787
2787
2795
2795
2796
2799
2801
2802
2809
2813
2819
2821
2824
2824
2825
2828
2830
2830
2837
2839
2842
2843
2848
2852
2852
2853
2853
2854
2859
2862
2862
2863
2864
2865
2869
2871
2872
2875
2878
2879
2882
2884
2885
2887
2889
2890
2895
2895
2897
2898
2899
2899
2901
2904
2904
2906
2909
2909
2909
2909
2911
2912
2914
2920
2920
2920
2925
2925
2925
2926
2927
2927
2930
2932
2933
2934
2934
2935
2937
2938
2939
2943
2944
2947
2950
2953
2954
2956
2957
2958
2958
2964
2964
2964
2965
2966
2968
2969
2973
2973
2973
2973
2976
2978
2978
2981
2983
2984
2985
2986
2988
2990
2994
2994
2995
2996
2996
2998
3000
3000
3001
3001
3001
3003
3004
3005
3007
3009
3017
3017
3018
3018
3018
3018
3019
3019
3021
3022
3022
3023
3023
3025
3025
3027
3027
3030
3031
3034
3035
3035
3038
3039
3040
3040
3041
3041
3042
3042
3043
3043
3044
3045
3047
3049
3049
3053
3054
3056
3057
3060
3060
3060
3061
3061
3061
3063
3065
3065
3066
3066
3066
3067
3073
3075
3076
3077
3079
3079
3080
3081
3081
3081
3081
3082
3083
3083
3084
3087
3088
3088
3088
3089
3090
3090
3090
3090
3091
3091
3092
3093
3095
3095
3095
3095
3097
3097
3098
3100
3100
3100
3101
3105
3106
3107
3107
3107
3108
3110
3110
3111
3112
3113
3113
3113
3114
3114
3118
3119
3119
3122
3122
3122
3123
3124
3125
3125
3127
3128
3131
3131
3131
3133
3134
3135
3136
3141
3141
3142
3142
3143
3144
3144
3144
3145
3146
3147
3147
3149
3150
3151
3151
3151
3152
3152
3153
3153
3154
3154
3155
3155
3157
3157
3158
3160
3160
3161
3161
3161
3162
3164
3164
3164
3165
3166
3166
3166
3168
3168
3168
3169
3171
3173
3174
3174
3175
3175
3175
3177
3177
3177
3178
3178
3178
3179
3180
3181
3181
3183
3183
3183
3183
3184
3185
3186
3187
3188
3189
3190
3190
3190
3191
3192
3193
3193
3194
3195
3195
3195
3195
3196
3197
3197
3198
3198
3199
3200
3201
3201
3202
3204
3204
3204
3206
3209
3210
3210
3211
3211
3211
3211
3212
3212
3213
3213
3213
3213
3214
3215
3215
3217
3218
3218
3218
3219
3219
3219
3220
3220
3220
3221
3221
3221
3221
3222
3223
3224
3224
3224
3224
3225
3226
3226
3226
3226
3227
3227
3227
3227
3228
3230
3230
3230
3231
3231
3231
3232
3232
3232
3233
3233
3233
3235
3235
3235
3236
3236
3236
3237
3237
3237
3237
3238
3238
3239
3239
3241
3241
3241
3244
3244
3244
3245
3246
3247
3247
3248
3249
3249
3250
3251
3252
3253
3253
3254
3255
3255
3255
3256
3256
3256
3256
3257
3259
3260
3260
3262
3263
3264
3264
3265
3265
3265
3266
3266
3269
3269
3270
3270
3270
3272
3273
3273
3274
3274
3274
3274
3274
3275
3276
3276
3277
3277
3278
3278
3278
3279
3280
3280
3281
3281
3283
3283
3285
3285
3286
3286
3286
3287
3287
3288
3288
3288
3289
3289
3291
3291
3291
3291
3292
3292
3293
3294
3296
3297
3298
3298
3298
3298
3299
3300
3300
3302
3302
3302
3303
3303
3304
3305
3306
3306
3307
3309
3310
3311
3311
3314
3315
3316
3316
3317
3317
3319
3320
3320
3320
3321
3322
3322
3323
3323
3323
3324
3324
3326
3327
3328
3330
3331
3332
3332
3333
3333
3333
3334
3335
3336
3337
3340
3340
3341
3342
3343
3344
3345
3345
3346
3349
3349
3350
3350
3350
3351
3351
3352
3352
3353
3355
3355
3355
3356
3359
3359
3359
3359
3360
3360
3361
3362
3362
3362
3363
3363
3364
3365
3366
3366
3366
3368
3369
3369
3370
3370
3371
3371
3372
3374
3375
3375
3376
3377
3378
3379
3379
3380
3380
3381
3381
3382
3382
3382
3383
3383
3384
3385
3385
3386
3387
3387
3388
3389
3391
3391
3391
3392
3393
3393
3393
3394
3395
3397
3397
3397
3398
3398
3399
3399
3401
3401
3401
3402
3402
3403
3404
3405
3407
3408
3408
3408
3409
3409
3410
3411
3411
3413
3413
3413
3415
3415
3416
3416
3416
3419
3420
3421
3423
3424
3428
3428
3430
3431
3431
3431
3433
3434
3434
3435
3437
3438
3441
3442
3444
3446
3448
3448
3453
3456
3459
3460
3463
3463
3463
3464
3464
3467
3468
3469
3469
3477
3478
3481
3484
3485
3492
3494
3494
3495
3496
3497
3498
3498
3498
3502
3505
3507
3510
3510
3510
3512
3515
3515
3525
3527
3527
3529
3532
3534
3535
3535
3538
3539
3546
3550
3550
3551
3552
3554
3555
3556
3557
3566
3569
3570
3572
3576
3577
3586
3589
3595
3597
3603
3606
3613
3616
3617
3618
3618
3619
3638
3640
3653
3654
3655
3661
3674
3675
3678
3679
3687
3690
3693
3694
3696
3703
3704
3712
3718
3728
3729
3733
3737
3739
3741
3754
3758
3771
3772
3808
3814
3817
3830
3838
3851
3862
3877
3894
3948
3979
3993
4059
4111
4126
4145
4195
4224
4234
4313
4323
4372
5050
5070
5216
5345
5629
5835
5839
5844
5954
5973
6013
6056
6076
6227
6237
6270
6297
6316
6344
6433
6460
6508
6577
6641
